1.73531
1.72777
1.7299
1.73588
1.73936
1.73305
1.73619
1.74404
1.75771
1.76456
1.76716
1.77048
1.77975
1.79029
1.80621
1.82691
1.84147
1.85578
1.86682
1.87101
1.85429
1.84036
1.85717
1.87432
1.87619
1.86374
1.85251
1.85144
1.85687
1.84297
1.83144
1.81585
1.80876
1.81414
1.8213
1.82883
1.8204
1.80743
1.79424
1.78659
1.78796
1.78537
1.78239
1.78704
1.77889
1.77065
1.766
1.76413
1.76485
1.76497
1.77148
1.78731
1.79916
1.79155
1.78586
1.79492
1.81291
1.81557
1.80205
1.7886
1.77717
1.76606
1.7625
1.75868
1.77074
1.7765
1.76747
1.75983
1.75124
1.74577
1.75013
1.75824
1.75594
1.75663
1.76219
1.75503
1.75284
1.76095
1.74879
1.73265
1.73265
1.73882
1.76244
1.79739
1.83507
1.82052
1.7862
1.77837
1.77373
1.7814
1.79991
1.80313
1.82193
1.85049
1.86663
1.85965
1.86839
1.85912
1.84727
1.82863
1.81604
1.82115
1.83378
1.82661
1.8528
1.86906
1.85582
1.83669
1.81573
1.8051
1.80345
1.79274
1.78502
1.77985
1.77057
1.76787
1.78583
1.79078
1.78464
1.78076
1.78887
1.80011
1.80339
1.78997
1.77683
1.77115
1.77298
1.77006
1.76119
1.75775
1.7583
1.76369
1.77021
1.77884
1.78483
1.77875
1.7723
1.76449
1.76678
1.76597
1.76492
1.76625
1.7621
1.75325
1.75282
1.75626
1.75534
1.75526
1.75584
1.75568
1.75954
1.76853
1.77096
1.76747
1.75757
1.75226
1.75631
1.7596
1.75989
1.76497
1.76919
1.76431
1.75782
1.75471
1.75561
1.75078
1.74277
1.73036
1.72783
1.72684
1.72545
1.72177
1.71902
1.71193
1.71173
1.71919
1.71699
1.71729
1.7265
1.72109
1.71819
1.71788
1.71302
1.70997
1.7073
1.70159
1.68939
1.68707
1.68814
1.67784
1.67614
1.67904
1.67074
1.66546
1.65928
1.65794
1.66305
1.67758
1.68026
1.68213
1.69196
1.70134
1.70257
1.70659
1.71337
1.70696
1.70268
1.70006
1.68932
1.67975
1.68611
1.69513
1.70285
1.7126
1.71759
1.72739
1.73136
1.72243
1.71629
1.71744
1.72583
1.7282
1.72267
1.72437
1.72713
1.72179
1.7118
1.70513
1.69661
1.68776
1.67957
1.68252
1.69379
1.70574
1.70717
1.69817
1.69674
1.70311
1.70798
1.70976
1.70337
1.69791
1.69791
1.69057
1.68805
1.68558
1.67464
1.65572
1.65676
1.66516
1.67692
1.6839
1.68738
1.68841
1.68196
1.67333
1.6766
1.68223
1.67798
1.67254
1.67154
1.67018
1.67145
1.67018
1.67039
1.6762
1.67823
1.66951
1.66451
1.66706
1.67058
1.67447
1.67385
1.66769
1.66737
1.66845
1.66726
1.66722
1.669
1.66851
1.66776
1.6686
1.66855
1.67026
1.66927
1.66447
1.6612
1.66123
1.66166
1.6592
1.65166
1.65344
1.65555
1.6596
1.66285
1.6645
1.66576
1.67166
1.67589
1.67124
1.66618
1.66355
1.66056
1.6586
1.65916
1.65982
1.65043
1.63469
1.62656
1.61793
1.61105
1.60878
1.60715
1.59278
1.57902
1.57985
1.58838
1.58967
1.58144
1.57954
1.5843
1.57887
1.56663
1.56884
1.56663
1.57054
1.57761
1.57491
1.57959
1.58973
1.60578
1.61619
1.61532
1.6143
1.6182
1.62053
1.62235
1.63121
1.63394
1.62271
1.61411
1.61494
1.62216
1.63011
1.62985
1.62675
1.6179
1.60307
1.59221
1.58468
1.58586
1.58051
1.57646
1.5786
1.57838
1.58237
1.58776
1.59258
1.58893
1.58627
1.59675
1.6032
1.59955
1.59464
1.58981
1.59178
1.59886
1.58625
1.57117
1.56671
1.56539
1.55968
1.55702
1.56242
1.56531
1.56079
1.5653
1.57538
1.57715
1.574
1.57483
1.57671
1.57435
1.56794
1.56202
1.55601
1.55116
1.54198
1.54236
1.55622
1.56122
1.55566
1.56024
1.56545
1.56725
1.57978
1.59217
1.60931
1.61816
1.62311
1.62385
1.61238
1.59767
1.58995
1.59125
1.59855
1.60058
1.60205
1.60207
1.60716
1.60968
1.60423
1.59521
1.58991
1.5906
1.60812
1.63337
1.64947
1.65546
1.66082
1.67696
1.69784
1.71298
1.71643
1.71253
1.73119
1.77288
1.79958
1.83892
1.87333
1.86132
1.83278
1.81146
1.81854
1.83621
1.85956
1.88086
1.86832
1.83836
1.80048
1.7704
1.75829
1.76701
1.75159
1.74291
1.75829
1.76218
1.77064
1.77962
1.77279
1.75917
1.75911
1.7515
1.71953
1.69469
1.70822
1.73697
1.73429
1.74569
1.74845
1.74627
1.75727
1.75887
1.75473
1.77083
1.77234
1.7731
1.78655
1.80368
1.82427
1.8515
1.87427
1.87772
1.86466
1.84059
1.81351
1.79854
1.79289
1.78944
1.79201
1.79946
1.81022
1.81515
1.8308
1.85761
1.86902
1.86097
1.8579
1.85841
1.85274
1.85457
1.8566
1.85894
1.85961
1.86358
1.87169
1.86634
1.8609
1.84056
1.83099
1.84063
1.84758
1.83315
1.80967
1.79795
1.78902
1.7865
1.78324
1.77937
1.77143
1.76454
1.76006
1.75557
1.75355
1.74512
1.74453
1.74638
1.74321
1.73421
1.72441
1.7202
1.72337
1.72396
1.72193
1.72155
1.72119
1.71909
1.72008
1.72523
1.72012
1.71537
1.70953
1.70975
1.71079
1.70684
1.70453
1.71211
1.71857
1.72844
1.74225
1.75728
1.7661
1.76867
1.78741
1.80032
1.80169
1.80307
1.80182
1.80254
1.81543
1.81978
1.82089
1.82006
1.81489
1.81564
1.82059
1.82575
1.82513
1.82613
1.8297
1.8297
1.82925
1.82468
1.82452
1.82949
1.83241
1.83149
1.83667
1.84514
1.85766
1.8754
1.88006
1.87555
1.87762
1.88214
1.88314
1.88455
1.88875
1.91021
1.91817
1.91665
1.92169
1.92666
1.93953
1.95719
1.95762
1.96709
1.98734
1.99875
2.00021
2.00726
2.02328
2.04011
2.06791
2.05246
2.02469
1.99831
1.98564
1.99536
2.01067
2.0248
2.03702
2.0433
2.03149
2.03329
2.0307
2.05
2.06478
2.06804
2.05889
2.05332
2.05289
2.03764
2.03208
2.0508
2.06591
2.06692
2.07258
2.07931
2.07936
2.03065
1.99521
2.00677
2.02334
2.02585
2.0324
2.03369
2.03712
2.03833
2.03812
2.03513
2.02695
2.0223
2.01902
2.02545
2.03675
2.04254
2.03529
2.02428
2.02462
2.03695
2.04882
2.04793
2.04332
2.03367
2.02921
2.02842
2.02399
2.0169
2.01834
2.02468
2.02467
2.01936
2.0164
2.01619
2.01694
2.01698
2.02164
2.02369
2.02583
2.03368
2.04303
2.04837
2.04567
2.03585
2.03413
2.03848
2.03874
2.02713
2.02319
2.01942
2.02277
2.02101
2.02101
2.02617
2.02615
2.02423
2.02343
2.02354
2.02551
2.02989
2.03336
2.03129
2.02756
2.02756
2.02672
2.02367
2.02173
2.02415
2.02976
2.03461
2.03898
2.04141
2.03748
2.03464
2.03198
2.02855
2.02699
2.02626
2.02642
2.02622
2.02642
2.02954
2.03188
2.03149
2.03141
2.03302
2.03446
2.03389
2.03527
2.04138
2.04674
2.05352
2.05989
2.06974
2.07856
2.08463
2.09373
2.09828
2.08877
2.0819
2.08501
2.09232
2.10258
2.11934
2.1215
2.11355
2.09427
2.0811
2.07813
2.07751
2.07804
2.07665
2.08142
2.0888
2.09429
2.08843
2.07391
2.0715
2.07271
2.05629
2.04605
2.04842
2.04581
2.04426
2.03646
2.03131
2.03703
2.03938
2.03444
2.03209
2.03402
2.03659
2.0402
2.04113
2.0414
2.04314
2.04206
2.03652
2.02429
2.00413
1.99012
1.98804
1.98872
1.98956
1.99113
1.98846
1.98345
1.97266
1.96845
1.96482
1.96149
1.96464
1.96319
1.95845
1.96289
1.96995
1.97257
1.97976
1.98202
1.97766
1.97876
1.98085
1.9741
1.96743
1.96672
1.96059
1.95662
1.95884
1.96404
1.96994
1.97332
1.98198
1.98538
1.98605
1.98972
2.00293
2.00293
2.01038
2.01417
2.01508
2.02076
2.02028
2.02184
2.02221
2.0137
1.99608
1.98928
1.98459
1.97683
1.97485
1.97667
1.9909
1.99411
2.00087
2.00954
2.01192
2.0169
2.02071
2.01419
2.00475
2.00103
2.00448
2.00582
2.00874
2.01061
2.00959
2.00723
2.00602
2.01283
2.01663
2.01206
2.01748
2.02366
2.02366
2.03076
2.03742
2.03868
2.04471
2.04726
2.0468
2.0551
2.07452
2.1158
2.12984
2.13103
2.12726
2.12766
2.13121
2.13737
2.14431
2.1406
2.14529
2.1356
2.13764
2.16166
2.17816
2.21601
2.25048
2.25532
2.23545
2.21275
2.1945
2.19947
2.22145
2.23186
2.24687
2.26114
2.25789
2.25425
2.26236
2.26623
2.2631
2.25588
2.23724
2.23899
2.23343
2.22762
2.2364
2.2334
2.22606
2.23965
2.24721
2.25341
2.26659
2.27914
2.28324
2.29237
2.29515
2.29884
2.30099
2.3
2.28663
2.27546
2.28625
2.30656
2.32422
2.34372
2.38202
2.40456
2.40767
2.43218
2.42497
2.38505
2.37763
2.37003
2.3555
2.36092
2.37479
2.37853
2.36466
2.35324
2.35324
2.32322
2.28823
2.28261
2.27984
2.27684
2.27686
2.27577
2.2569
2.21298
2.19945
2.20922
2.20498
2.20487
2.22137
2.24246
2.24274
2.22644
2.21488
2.20322
2.20338
2.20857
2.20627
2.20651
2.20102
2.18647
2.1794
2.17981
2.17813
2.17484
2.1665
2.16711
2.17218
2.17585
2.18807
2.19614
2.18971
2.18225
2.18402
2.19398
2.22504
2.24569
2.25576
2.27388
2.28733
2.30334
2.31803
2.3285
2.33145
2.32898
2.29974
2.27512
2.28178
2.29379
2.29013
2.28876
2.2991
2.3178
2.32498
2.33611
2.35394
2.37075
2.37933
2.36204
2.33439
2.31862
2.31783
2.33213
2.33636
2.3301
2.32611
2.32523
2.33496
2.35817
2.37358
2.35734
2.3538
2.35405
2.37297
2.38069
2.37977
2.37491
2.37612
2.38928
2.3871
2.36629
2.35725
2.35519
2.35916
2.35984
2.35241
2.35043
2.35895
2.37366
2.39283
2.40444
2.41563
2.42727
2.42879
2.41945
2.41746
2.4245
2.41551
2.3998
2.38743
2.38772
2.40067
2.40808
2.41511
2.40197
2.38827
2.38825
2.39174
2.38915
2.3748
2.35211
2.33988
2.34208
2.34383
2.33381
2.3388
2.32466
2.32547
2.33553
2.34574
2.35814
2.35824
2.35973
2.35526
2.34904
2.33977
2.33942
2.33172
2.32501
2.32057
2.31321
2.29694
2.26979
2.26188
2.26622
2.26543
2.27042
2.26906
2.24528
2.21985
2.20663
2.19535
2.20113
2.21268
2.21898
2.2303
2.24035
2.23693
2.23801
2.22783
2.22124
2.23238
2.22995
2.23165
2.22989
2.2273
2.23429
2.23162
2.21919
2.21598
2.21547
2.21402
2.21339
2.21061
2.21354
2.21412
2.21052
2.20883
2.20962
2.21467
2.22044
2.2265
2.23469
2.23243
2.2305
2.24475
2.2663
2.27821
2.27693
2.26355
2.24669
2.2332
2.22693
2.23135
2.22897
2.23731
2.25088
2.22542
2.22593
2.22178
2.21872
2.21149
2.20101
2.19801
2.20581
2.20926
2.21769
2.21631
2.21383
2.2187
2.21449
2.2195
2.21985
2.21579
2.21765
2.22673
2.24783
2.23796
2.22099
2.21641
2.21767
2.22072
2.22609
2.22636
2.23182
2.24713
2.25931
2.25877
2.2624
2.27438
2.27861
2.2886
2.28617
2.27763
2.27655
2.27706
2.27071
2.26306
2.25856
2.253
2.25751
2.26871
2.27798
2.28075
2.26728
2.25235
2.24229
2.23832
2.24328
2.24217
2.23818
2.24035
2.24661
2.26414
2.28284
2.28888
2.30184
2.3288
2.33906
2.33892
2.35326
2.36502
2.37662
2.39335
2.40489
2.4003
2.41475
2.43091
2.44314
2.45037
2.47223
2.48794
2.46881
2.4332
2.40566
2.38783
2.39557
2.40904
2.40192
2.40683
2.44331
2.46047
2.45191
2.46187
2.47737
2.48934
2.49027
2.45168
2.4773
2.47438
2.45959
2.46353
2.47172
2.49238
2.50379
2.51724
2.55147
2.55759
2.55491
2.5573
2.56725
2.58763
2.60052
2.60182
2.58905
2.55968
2.53714
2.53439
2.52609
2.5123
2.532
2.55734
2.56432
2.56439
2.56575
2.58262
2.59372
2.59755
2.59895
2.61609
2.64393
2.66206
2.69571
2.72137
2.70399
2.67225
2.65894
2.66975
2.69075
2.68916
2.68622
2.66897
2.69532
2.70491
2.69819
2.6856
2.66446
2.6492
2.65772
2.65772
2.64835
2.63479
2.63159
2.63515
2.61841
2.59565
2.58218
2.58426
2.58304
2.57745
2.58389
2.61896
2.67347
2.708
2.71241
2.72902
2.75113
2.7719
2.78898
2.82976
2.8536
2.83747
2.8315
2.84179
2.86159
2.87164
2.87177
2.86254
2.86946
2.88597
2.87093
2.88635
2.93253
2.97311
3.00865
3.05875
3.11188
3.11876
3.12416
3.17215
3.22508
3.25044
3.25103
3.25036
3.27
3.23149
3.1604
3.14392
3.17921
3.19948
3.23234
3.23176
3.19642
3.16689
3.11319
3.1185
3.11528
3.07108
3.06116
3.08057
3.10027
3.08051
3.04075
3.03038
3.03707
3.02849
3.01128
2.98411
2.95203
2.92391
2.93092
2.96097
3.03592
3.06656
3.06248
3.04135
3.02122
3.00524
3.03001
3.03111
3.02405
3.00601
3.00162
3.0123
3.02593
3.02207
3.0387
3.08409
3.11059
3.14068
3.15383
3.16224
3.17695
3.16845
3.14133
3.14463
3.13939
3.11891
3.10103
3.1139
3.10906
3.11303
3.11936
3.09901
3.06771
3.0651
3.08255
3.0907
3.08589
3.09556
3.11865
3.14199
3.12813
3.1154
3.12841
3.12115
3.13501
3.15433
3.1847
3.21599
3.17668
3.1432
3.1392
3.14126
3.15629
3.18657
3.19279
3.19086
3.22571
3.28498
3.33918
3.36614
3.35804
3.34648
3.36938
3.4158
3.44866
3.46861
3.49508
3.51981
3.50688
3.47232
3.47119
3.4848
3.49993
3.49258
3.48061
3.47643
3.48066
3.47606
3.50603
3.54278
3.59178
3.59449
3.56998
3.59097
3.63007
3.68867
3.74316
3.76633
3.83074
3.81442
3.8099
3.84056
3.86194
3.84368
3.84432
3.85057
3.8827
3.93751
3.98871
4.04905
4.12643
4.12643
4.06194
4.06389
4.0543
3.98604
3.98216
3.94912
3.90522
3.86552
3.85792
3.80769
3.782
3.84164
3.8341
3.81415
3.87504
3.89636
3.90868
3.92949
3.91345
3.88813
3.89533
3.89446
3.89501
3.89501
3.84022
3.79816
3.78614
3.77935
3.78128
3.7499
3.7697
3.7689
