nan
nan
nan
nan
nan
nan
nan
nan
nan
nan
nan
nan
nan
nan
nan
nan
nan
nan
nan
nan
nan
nan
nan
nan
nan
nan
nan
nan
nan
nan
nan
nan
nan
nan
nan
nan
nan
nan
nan
nan
nan
nan
nan
nan
nan
nan
nan
nan
nan
nan
nan
nan
nan
nan
nan
nan
nan
nan
nan
nan
nan
nan
nan
nan
nan
nan
nan
nan
nan
nan
nan
nan
nan
nan
nan
nan
nan
nan
nan
nan
nan
nan
nan
nan
nan
nan
nan
nan
nan
nan
nan
nan
nan
nan
nan
nan
nan
nan
nan
nan
nan
nan
nan
nan
nan
nan
nan
nan
nan
nan
nan
nan
nan
nan
nan
nan
nan
nan
nan
1.79612941667
1.79657575
1.79717858333
1.797791
1.79824175
1.798554
1.7988715
1.79917808333
1.79939491667
1.79942391667
1.79936716667
1.79929333333
1.79923675
1.79915725
1.79906183333
1.79888366667
1.79848233333
1.79790591667
1.79714516667
1.7963115
1.79543616667
1.79469141667
1.79407383333
1.79328158333
1.79227266667
1.79124458333
1.79034891667
1.78953916667
1.78873766667
1.78789575
1.78716833333
1.78656916667
1.78617483333
1.78585983333
1.78547091667
1.78493983333
1.78430175
1.78376766667
1.78336908333
1.78308283333
1.78290266667
1.78274625
1.78257075
1.782366
1.78209658333
1.78190258333
1.781737
1.78154341667
1.781262
1.7809535
1.78063575
1.78025216667
1.779706
1.77903816667
1.77837466667
1.77775691667
1.77712583333
1.7763265
1.7755075
1.77487791667
1.77431533333
1.77382383333
1.77342233333
1.77301
1.77260408333
1.77207541667
1.77145116667
1.7708005
1.77019416667
1.76966833333
1.76910225
1.76848566667
1.76782566667
1.76711566667
1.76635591667
1.76549833333
1.76468925
1.763941
1.76324625
1.76267516667
1.76225416667
1.76191508333
1.76160275
1.76110383333
1.76034716667
1.759333
1.75838666667
1.75769066667
1.75703808333
1.75633466667
1.75548758333
1.75453925
1.75363925
1.75264691667
1.75149783333
1.75025583333
1.74915366667
1.74801175
1.74687266667
1.74578116667
1.74485458333
1.74410283333
1.74332825
1.74240233333
1.74155033333
1.74050308333
1.73927583333
1.73807566667
1.73697933333
1.73598666667
1.73500883333
1.7339765
1.733058
1.73229775
1.73168016667
1.73115183333
1.730571
1.72982858333
1.729098
1.72845916667
1.7278675
1.727155
1.72630333333
1.72542433333
1.724596
1.72385616667
1.72314308333
1.72232358333
1.72137075
1.7205005
1.71972891667
1.71905075
1.71838583333
1.71769558333
1.716942
1.71608475
1.71520625
1.71440875
1.71372325
1.71298325
1.71220466667
1.7114265
1.71062591667
1.7098705
1.70917825
1.70849133333
1.70782416667
1.70718158333
1.706467
1.70570591667
1.70496741667
1.70422608333
1.70344225
1.702633
1.7018015
1.70104983333
1.70035141667
1.69960933333
1.6988395
1.69808208333
1.69727825
1.696433
1.69563541667
1.6948915
1.69418775
1.69346825
1.692749
1.69206925
1.69149316667
1.69094175
1.69037808333
1.68976316667
1.68919375
1.68866483333
1.68822875
1.68782141667
1.68736566667
1.68693875
1.6865585
1.68613675
1.68572133333
1.68528791667
1.68483516667
1.684398
1.68396991667
1.68356875
1.68322066667
1.682896
1.6824595
1.68194633333
1.68144708333
1.68090466667
1.68031916667
1.67978925
1.67918358333
1.67851475
1.677864
1.67724175
1.67650916667
1.67568566667
1.67483075
1.67393358333
1.672913
1.67178016667
1.67063225
1.66940941667
1.66827258333
1.66723033333
1.66618741667
1.665273
1.66452283333
1.66385341667
1.66319558333
1.66246616667
1.661647
1.66081875
1.65992825
1.65901983333
1.65825966667
1.65757341667
1.656784
1.655853
1.65490916667
1.65407158333
1.65328608333
1.65247541667
1.65168341667
1.65090091667
1.65005041667
1.64918041667
1.64832141667
1.6475405
1.64669041667
1.64571266667
1.64465316667
1.64357991667
1.64261491667
1.64170675
1.64078566667
1.63979358333
1.6387645
1.637876
1.63708675
1.63626708333
1.63546766667
1.634649
1.63386733333
1.63323583333
1.63265691667
1.63194366667
1.63112325
1.63019383333
1.62915866667
1.62807233333
1.62702241667
1.62605033333
1.6251125
1.624185
1.62329458333
1.62245433333
1.62163316667
1.62082725
1.62004833333
1.61923916667
1.61838716667
1.61748408333
1.6164825
1.61542358333
1.61436083333
1.61334291667
1.61241925
1.61150791667
1.61051783333
1.60957108333
1.60871908333
1.60788475
1.60714583333
1.60652008333
1.6060375
1.60561383333
1.6052355
1.60486958333
1.60440108333
1.60381041667
1.60314116667
1.602491
1.60194166667
1.6014365
1.60094333333
1.60044675
1.60001308333
1.59966325
1.59925316667
1.59875033333
1.59816958333
1.5975675
1.59709766667
1.59682775
1.59664283333
1.59647258333
1.59638575
1.59647558333
1.59676133333
1.59719816667
1.59768008333
1.59812483333
1.59871958333
1.59974
1.60111408333
1.60288375
1.60501208333
1.60709766667
1.60896433333
1.61066691667
1.61254825
1.6146915
1.61702241667
1.61945975
1.62178183333
1.62392283333
1.625764
1.62731483333
1.62881
1.63047983333
1.63200275
1.63347175
1.63503633333
1.63657441667
1.6382055
1.63987241667
1.64139791667
1.64267616667
1.64386716667
1.645002
1.64587891667
1.64651633333
1.64724708333
1.64820225
1.64906125
1.6499925
1.65104033333
1.65214166667
1.65332775
1.654467
1.6555055
1.65668033333
1.65789358333
1.65918691667
1.66071591667
1.66247816667
1.66447475
1.66668841667
1.66913641667
1.67164691667
1.67403075
1.67621583333
1.678142
1.6798985
1.68156775
1.68323866667
1.68495316667
1.68664241667
1.68836758333
1.69016425
1.69213225
1.69436391667
1.69667425
1.6988585
1.70112225
1.70351591667
1.7058995
1.70830933333
1.71078366667
1.71329966667
1.71577625
1.71826183333
1.72085266667
1.72336133333
1.72574066667
1.72793575
1.73007733333
1.73229233333
1.73454958333
1.73670625
1.73872066667
1.74068675
1.7426285
1.74458966667
1.74660016667
1.74857525
1.75036866667
1.752063
1.75376633333
1.75539408333
1.75696158333
1.75844383333
1.75981675
1.76110183333
1.76221766667
1.76318475
1.76402891667
1.76483183333
1.76575675
1.76680916667
1.767909
1.76899483333
1.77001683333
1.77100441667
1.771988
1.77301433333
1.77395566667
1.77483641667
1.77571391667
1.77666841667
1.77767575
1.77864441667
1.77944783333
1.780104
1.78067983333
1.781288
1.78196658333
1.78263591667
1.78320475
1.78366883333
1.78426033333
1.78499191667
1.78557941667
1.785831
1.78584966667
1.7855465
1.785064
1.78471783333
1.78461875
1.78469041667
1.78466
1.78448858333
1.78416383333
1.78370458333
1.78334466667
1.78324275
1.78348625
1.78398041667
1.78457175
1.78505233333
1.78566008333
1.78638158333
1.78699925
1.78757683333
1.78812708333
1.78867308333
1.78938033333
1.79034891667
1.79135683333
1.79239058333
1.793708
1.79527008333
1.79672775
1.79795758333
1.79924475
1.80061575
1.80203008333
1.80344991667
1.80482008333
1.80621833333
1.80775833333
1.80931133333
1.81085533333
1.81247191667
1.81414516667
1.81577075
1.81723691667
1.81853491667
1.81977666667
1.82112991667
1.82282366667
1.82458925
1.82634908333
1.82801383333
1.82962008333
1.83133608333
1.83315825
1.83503608333
1.83692608333
1.83882733333
1.84049975
1.84196375
1.84331108333
1.84488633333
1.84661033333
1.84835725
1.85007516667
1.85173141667
1.85336716667
1.85485633333
1.85629358333
1.85785375
1.85947225
1.86114375
1.86290775
1.86489733333
1.86696708333
1.86855058333
1.86978083333
1.87122766667
1.87300825
1.87490741667
1.87693558333
1.8789955
1.88111116667
1.88326916667
1.88549158333
1.8877465
1.88997058333
1.89219333333
1.89440558333
1.89674166667
1.89917683333
1.90164483333
1.90407883333
1.90649608333
1.90899783333
1.91163741667
1.9143495
1.91704925
1.9197275
1.9223285
1.92489533333
1.92747308333
1.93000566667
1.93243625
1.93492141667
1.937499
1.94012516667
1.94270525
1.945252
1.94782991667
1.95043333333
1.95297391667
1.9554995
1.95795991667
1.96032308333
1.96262641667
1.96493416667
1.967265
1.96941716667
1.97137991667
1.97331691667
1.97527866667
1.977253
1.97912458333
1.98085591667
1.98251958333
1.98420191667
1.9858765
1.98759416667
1.98934858333
1.99106158333
1.99271558333
1.99436808333
1.99601316667
1.99764491667
1.99931316667
2.00101408333
2.00273583333
2.00442783333
2.00607841667
2.00769766667
2.00929916667
2.01084133333
2.01233308333
2.01376725
2.015094
2.01641833333
2.0178005
2.01913266667
2.0204035
2.02164383333
2.02284383333
2.02399583333
2.02496291667
2.025865
2.02677808333
2.02765083333
2.02850816667
2.02927775
2.02989691667
2.03051183333
2.03106125
2.03145391667
2.03174675
2.03203891667
2.03232325
2.03251875
2.0326305
2.03256366667
2.03270766667
2.03315658333
2.03387591667
2.03477666667
2.03563433333
2.03628516667
2.036761
2.03716091667
2.03756941667
2.03816183333
2.03887891667
2.03963558333
2.04016516667
2.04041091667
2.04051975
2.04068008333
2.04088166667
2.04109125
2.04141633333
2.0418275
2.04214416667
2.04238066667
2.04255991667
2.042571
2.04250591667
2.0424505
2.04266416667
2.04308783333
2.04343491667
2.04362216667
2.04377558333
2.04380941667
2.04378958333
2.04378883333
2.04379758333
2.04376691667
2.04374158333
2.0438005
2.04391958333
2.04409608333
2.04422675
2.0442655
2.0442705
2.04432691667
2.04442891667
2.04442616667
2.04415266667
2.0436635
2.04316441667
2.04270941667
2.04234183333
2.0420245
2.0416915
2.04135366667
2.040985
2.04056925
2.04007041667
2.03954391667
2.03908791667
2.0386445
2.03816333333
2.03771291667
2.037321
2.03691208333
2.036546
2.03618091667
2.03571408333
2.0351785
2.03461583333
2.03401941667
2.03344925
2.0328875
2.03223841667
2.03155408333
2.030985
2.03049208333
2.03007975
2.02966766667
2.02934241667
2.0290455
2.02871116667
2.02840758333
2.02823008333
2.02805925
2.02794958333
2.02785508333
2.02773166667
2.02762666667
2.02753491667
2.02748725
2.02744266667
2.02733416667
2.02710425
2.02683383333
2.02650416667
2.02606308333
2.02556508333
2.02504583333
2.02462491667
2.0242635
2.02398208333
2.02379508333
2.0236565
2.02357241667
2.02352616667
2.02342425
2.02324533333
2.02303375
2.02282491667
2.02260775
2.02241816667
2.02224483333
2.02204958333
2.02182266667
2.02159041667
2.02140341667
2.02119716667
2.02090816667
2.02060783333
2.02030591667
2.01992191667
2.01952358333
2.01913016667
2.01867141667
2.018225
2.01787908333
2.01758658333
2.01733733333
2.017189
2.01729916667
2.01738666667
2.01746608333
2.01758033333
2.01785858333
2.01827616667
2.01876983333
2.0193265
2.01984783333
2.02041983333
2.02087133333
2.02127833333
2.02183975
2.0225875
2.02377166667
2.02526316667
2.02678491667
2.02827791667
2.02966708333
2.03088441667
2.03216491667
2.0336415
2.03526983333
2.03706616667
2.03893375
2.04075466667
2.04258641667
2.04450533333
2.04644041667
2.048328
2.05012533333
2.05175958333
2.05340616667
2.05499191667
2.05653825
2.05820391667
2.0599465
2.06179591667
2.06387533333
2.06603508333
2.06824083333
2.07054941667
2.0729495
2.075406
2.07798033333
2.08066775
2.083421
2.08622241667
2.08904333333
2.09172658333
2.09432883333
2.0970605
2.09992441667
2.10287666667
2.10596958333
2.10932175
2.11284291667
2.11642633333
2.12020483333
2.12390583333
2.12733041667
2.13074875
2.13410966667
2.13740058333
2.14076975
2.144236
2.14769008333
2.15097941667
2.15414541667
2.15723925
2.16005458333
2.16257275
2.1650135
2.16732108333
2.16960366667
2.17182433333
2.17400433333
2.1760195
2.17762133333
2.17911441667
2.18067591667
2.182199
2.18379208333
2.1856695
2.18777933333
2.18993058333
2.19201066667
2.19401091667
2.19589883333
2.1976695
2.19945666667
2.20116833333
2.20280975
2.20438558333
2.20579866667
2.20712108333
2.20850125
2.20994608333
2.2113945
2.21274466667
2.21408875
2.21545075
2.21682775
2.21831508333
2.21988933333
2.22142008333
2.22283191667
2.22422683333
2.22574283333
2.2274725
2.22932275
2.23125691667
2.23328291667
2.2353655
2.237571
2.23984866667
2.24219233333
2.24456441667
2.24684675
2.24872358333
2.25005125
2.25131741667
2.25267375
2.254031
2.2553735
2.25677258333
2.25827616667
2.25978175
2.261411
2.26314975
2.26510933333
2.26712341667
2.26879325
2.27009516667
2.27095025
2.2715115
2.27215158333
2.2729925
2.27397041667
2.27506716667
2.27611516667
2.27706108333
2.27811366667
2.27916958333
2.27997125
2.2807705
2.28160216667
2.28252391667
2.28347775
2.28445
2.28544191667
2.28659925
2.28785166667
2.28913225
2.29028783333
2.29129491667
2.29230983333
2.293419
2.29442058333
2.29529725
2.29610575
2.29687541667
2.29766308333
2.29857633333
2.29951025
2.30051425
2.3015845
2.3026495
2.30364491667
2.30473516667
2.30597716667
2.30705433333
2.30783133333
2.30835808333
2.30872475
2.30888016667
2.3089095
2.3089715
2.30871975
2.30841391667
2.30844058333
2.30855816667
2.3087175
2.30887833333
2.30880491667
2.308514
2.30821025
2.30803666667
2.30787475
2.30775441667
2.30776641667
2.30807675
2.30851775
2.30906691667
2.30974441667
2.31042258333
2.31112225
2.31194191667
2.31307575
2.31424508333
2.31533008333
2.31638625
2.31738741667
2.31821408333
2.31880366667
2.31925533333
2.31961658333
2.32000825
2.32053325
2.32105033333
2.32156575
2.322089
2.32241208333
2.322569
2.322737
2.32286991667
2.32304758333
2.3233355
2.32370333333
2.324235
2.32484533333
2.32538491667
2.32590291667
2.32623425
2.32644341667
2.326799
2.3271965
2.32759341667
2.32789266667
2.3279115
2.3278165
2.32761533333
2.32715958333
2.326565
2.32583275
2.324966
2.32400675
2.32299975
2.32203775
2.32132425
2.32078591667
2.320178
2.31947658333
2.31884775
2.31827841667
2.31767341667
2.31698083333
2.31620958333
2.3153295
2.31441958333
2.31354916667
2.3127065
2.31199725
2.31140691667
2.3108075
2.31010225
2.30922558333
2.3083505
2.30750775
2.30676775
2.30614816667
2.30523533333
2.30413333333
2.30286833333
2.30171316667
2.30052725
2.29925191667
2.29779391667
2.29633658333
2.29491566667
2.2936055
2.29227375
2.29081166667
2.28940833333
2.28814333333
2.28699541667
2.28586758333
2.28467283333
2.28348791667
2.28244058333
2.28158558333
2.28057733333
2.27930508333
2.27783491667
2.2762785
2.27465425
2.27297775
2.27129083333
2.26972725
2.26830783333
2.26693125
2.26562508333
2.26448008333
2.263538
2.26262875
2.26169483333
2.26067891667
2.25953325
2.25848808333
2.25756133333
2.25658183333
2.2555095
2.25442125
2.25340625
2.25261791667
2.25202483333
2.25149066667
2.250965
2.25041058333
2.24969016667
2.24900375
2.2482775
2.24750875
2.24664566667
2.245646
2.24466358333
2.24372091667
2.24296158333
2.24240991667
2.24198583333
2.24167266667
2.24164833333
2.24176541667
2.24191833333
2.24225208333
2.24281941667
2.24370966667
2.24480525
2.24596083333
2.24708475
2.2482875
2.24963625
2.25128508333
2.25320608333
2.25541941667
2.25785766667
2.26008833333
2.261926
2.26348166667
2.26479441667
2.26608791667
2.26752216667
2.26888808333
2.27037975
2.27223033333
2.27413108333
2.27598075
2.27789925
2.27996158333
2.28214525
2.28427841667
2.28611225
2.28826316667
2.2904165
2.29245083333
2.29453008333
2.29668283333
2.29903091667
2.30144966667
2.30397566667
2.30681691667
2.30972325
2.31260066667
2.31545591667
2.318346
2.32135541667
2.324404
2.32748225
2.33047016667
2.33309458333
2.33535158333
2.33748641667
2.33956275
2.34163566667
2.34401325
2.34671441667
2.349526
2.35230133333
2.35510783333
2.35798541667
2.36084241667
2.3639435
2.367052
2.37033791667
2.37388133333
2.37763608333
2.38175858333
2.38611991667
2.39027141667
2.39412966667
2.39780675
2.40158541667
2.40555975
2.40948025
2.41341133333
2.41715691667
2.42111916667
2.42519516667
2.42919966667
2.43302358333
2.4364955
2.4399225
2.44356191667
2.4472395
2.4508285
2.45427908333
2.45765825
2.46106483333
2.46428641667
2.46719075
2.46988133333
2.47259375
2.47526575
2.47779133333
2.48033533333
2.48308833333
2.48631583333
2.48990225
2.49353441667
2.49730075
2.50130425
2.50554458333
2.50996475
2.51477108333
2.5197385
2.52447816667
2.52909083333
2.53376616667
2.53871875
2.5438795
2.54912516667
2.554327
2.55954516667
2.56491016667
2.57018308333
2.57556641667
2.58128241667
2.5871905
2.59323891667
2.5996545
2.60640483333
2.61298783333
2.61953033333
2.62647391667
2.63373908333
2.64111758333
2.64840433333
2.65554608333
2.66275533333
2.66968191667
2.67589566667
2.68183741667
2.68797133333
2.69421391667
2.70054816667
2.70674666667
2.71281008333
2.71892416667
2.72482025
2.73090916667
2.73690675
2.74242375
2.74791741667
2.75353191667
2.75900658333
2.76417358333
2.76908058333
2.77381816667
2.77848233333
2.78297525
2.787317
2.79175391667
2.79571
2.79945608333
2.80338383333
2.80752916667
2.81223083333
2.81701566667
2.82167141667
2.826039
2.82995358333
2.833684
2.83764316667
2.84159158333
2.84539825
2.84888475
2.85222725
2.85564791667
2.85928858333
2.86314183333
2.8673215
2.87190233333
2.87677316667
2.88200966667
2.88719158333
2.89223241667
2.89733766667
2.9023715
2.907168
2.91185141667
2.91639866667
2.92074333333
2.92492733333
2.92907575
2.93295183333
2.93670991667
2.94024033333
2.94338733333
2.94641833333
2.94969208333
2.95322216667
2.95673008333
2.96002291667
2.96340958333
2.96701316667
2.970955
2.97456175
2.9779825
2.98156766667
2.98519725
2.9891185
2.99332791667
2.99771941667
3.00237166667
3.00677441667
3.01101116667
3.01524125
3.01945883333
3.02394116667
3.0288655
3.03395391667
3.03900891667
3.0443645
3.05026058333
3.05655466667
3.06278116667
3.06848591667
3.07380658333
3.07928133333
3.0850045
3.09081725
3.09662316667
3.10250733333
3.10825775
3.11370175
3.11899216667
3.12432291667
3.12968133333
3.13500083333
3.14017533333
3.145249
3.15036475
3.15545808333
3.1603755
3.165668
3.17113825
3.176632
3.18181016667
3.18648791667
3.19092308333
3.19524133333
3.19999058333
3.20514891667
3.21010041667
3.21514758333
3.21984741667
3.22450466667
3.229423
3.23435583333
3.23945741667
3.24515675
3.2510455
3.25690791667
3.26305816667
3.26936125
3.276172
3.28392208333
3.29191825
3.2998245
3.30770275
3.31552791667
3.32315258333
3.33082758333
3.3380655
3.34477341667
3.35131516667
3.35812491667
3.3646025
3.37081025
3.3775865
3.38444333333
3.39136033333
3.39905208333
3.40715583333
3.41530383333
3.42337483333
3.43068758333
3.437534
3.44447441667
3.45158366667
3.45886525
3.46628
3.47303175
3.47942383333
3.48577458333
3.49221908333
3.49871625
3.50486291667
3.511061
3.51728458333
