nan nan nan
nan nan nan
nan nan nan
nan nan nan
nan nan nan
nan nan nan
nan nan nan
nan nan nan
nan nan nan
nan nan nan
nan nan nan
nan nan nan
nan nan nan
nan nan nan
nan nan nan
nan nan nan
nan nan nan
nan nan nan
nan nan nan
nan nan nan
nan nan nan
nan nan nan
nan nan nan
nan nan nan
nan nan nan
nan nan nan
nan nan nan
nan nan nan
nan nan nan
nan nan nan
nan nan nan
nan nan nan
nan nan nan
nan nan nan
nan nan nan
nan nan nan
nan nan nan
nan nan nan
nan nan nan
nan nan nan
nan nan nan
nan nan nan
nan nan nan
nan nan nan
nan nan nan
nan nan nan
nan nan nan
nan nan nan
nan nan nan
nan nan nan
nan nan nan
nan nan nan
nan nan nan
nan nan nan
nan nan nan
nan nan nan
nan nan nan
nan nan nan
nan nan nan
nan nan nan
nan nan nan
nan nan nan
nan nan nan
nan nan nan
nan nan nan
nan nan nan
nan nan nan
nan nan nan
nan nan nan
nan nan nan
nan nan nan
nan nan nan
nan nan nan
nan nan nan
nan nan nan
nan nan nan
nan nan nan
nan nan nan
nan nan nan
nan nan nan
nan nan nan
nan nan nan
nan nan nan
nan nan nan
nan nan nan
nan nan nan
nan nan nan
nan nan nan
nan nan nan
nan nan nan
nan nan nan
nan nan nan
nan nan nan
nan nan nan
nan nan nan
nan nan nan
nan nan nan
nan nan nan
nan nan nan
nan nan nan
nan nan nan
nan nan nan
nan nan nan
nan nan nan
nan nan nan
nan nan nan
nan nan nan
nan nan nan
nan nan nan
nan nan nan
nan nan nan
nan nan nan
nan nan nan
nan nan nan
nan nan nan
nan nan nan
nan nan nan
nan nan nan
nan nan nan
1.875480622 1.79612941667 1.71677821133
1.87515229564 1.79657575 1.71799920436
1.87473777717 1.79717858333 1.7196193895
1.87436994051 1.797791 1.72121205949
1.87398998187 1.79824175 1.72249351813
1.87363474353 1.798554 1.72347325647
1.87315959908 1.7988715 1.72458340092
1.87272892064 1.79917808333 1.72562724603
1.87244599072 1.79939491667 1.72634384262
1.87241151037 1.79942391667 1.72643632296
1.87247359621 1.79936716667 1.72626073712
1.87254747034 1.79929333333 1.72603919632
1.87259024631 1.79923675 1.72588325369
1.87261565614 1.79915725 1.72569884386
1.87259576949 1.79906183333 1.72552789718
1.87245105813 1.79888366667 1.72531627521
1.87195917629 1.79848233333 1.72500549037
1.87110953632 1.79790591667 1.72470229702
1.86982273381 1.79714516667 1.72446759952
1.86806220823 1.7963115 1.72456079177
1.86607461692 1.79543616667 1.72479771641
1.86471394258 1.79469141667 1.72466889075
1.86378087498 1.79407383333 1.72436679169
1.86225936483 1.79328158333 1.72430380184
1.86001019525 1.79227266667 1.72453513809
1.85758681292 1.79124458333 1.72490235375
1.85564588244 1.79034891667 1.7250519509
1.85413889647 1.78953916667 1.72493943686
1.85262820132 1.78873766667 1.72484713201
1.85082830526 1.78789575 1.72496319474
1.84955326225 1.78716833333 1.72478340442
1.84862200569 1.78656916667 1.72451632765
1.84807960682 1.78617483333 1.72427005985
1.84768634431 1.78585983333 1.72403332235
1.84716796986 1.78547091667 1.72377386347
1.84649108114 1.78493983333 1.72338858553
1.84560684765 1.78430175 1.72299665235
1.84492202736 1.78376766667 1.72261330598
1.84452483553 1.78336908333 1.72221333114
1.84435382664 1.78308283333 1.72181184002
1.84425843737 1.78290266667 1.72154689597
1.84414533865 1.78274625 1.72134716135
1.84405916567 1.78257075 1.72108233433
1.84401887073 1.782366 1.72071312927
1.84394763881 1.78209658333 1.72024552786
1.84393841505 1.78190258333 1.71986675162
1.84399775193 1.781737 1.71947624807
1.84414222227 1.78154341667 1.71894461106
1.8444720534 1.781262 1.7180519466
1.84483869122 1.7809535 1.71706830878
1.84521134202 1.78063575 1.71606015798
1.84558316886 1.78025216667 1.71492116447
1.8458822169 1.779706 1.7135297831
1.84602810691 1.77903816667 1.71204822643
1.84642457359 1.77837466667 1.71032475974
1.84686151916 1.77775691667 1.70865231418
1.84697116315 1.77712583333 1.70728050352
1.84670884692 1.7763265 1.70594415308
1.84633004995 1.7755075 1.70468495005
1.84608762415 1.77487791667 1.70366820919
1.84614650985 1.77431533333 1.70248415682
1.84637369041 1.77382383333 1.70127397626
1.84666952758 1.77342233333 1.70017513909
1.84705126917 1.77301 1.69896873083
1.84748447834 1.77260408333 1.69772368832
1.84789094203 1.77207541667 1.6962598913
1.8483367247 1.77145116667 1.69456560863
1.84911802728 1.7708005 1.69248297272
1.84995534777 1.77019416667 1.69043298557
1.85074357124 1.76966833333 1.68859309542
1.85176999552 1.76910225 1.68643450448
1.85279760674 1.76848566667 1.6841737266
1.85367405604 1.76782566667 1.68197727729
1.85473648694 1.76711566667 1.6794948464
1.85588745735 1.76635591667 1.67682437599
1.85712011867 1.76549833333 1.67387654799
1.8583583843 1.76468925 1.6710201157
1.85939433043 1.763941 1.66848766957
1.85998154236 1.76324625 1.66651095764
1.86054754987 1.76267516667 1.66480278347
1.86106962533 1.76225416667 1.663438708
1.86141146719 1.76191508333 1.66241869948
1.86162110891 1.76160275 1.66158439109
1.86169615545 1.76110383333 1.66051151122
1.86120198391 1.76034716667 1.65949234942
1.85960774809 1.759333 1.65905825191
1.85847702079 1.75838666667 1.65829631254
1.8581585539 1.75769066667 1.65722277943
1.85797642195 1.75703808333 1.65609974472
1.85797196123 1.75633466667 1.6546973721
1.85796604019 1.75548758333 1.65300912648
1.85746106519 1.75453925 1.65161743481
1.85673438394 1.75363925 1.65054411606
1.85538541214 1.75264691667 1.64990842119
1.85290920565 1.75149783333 1.65008646102
1.84962672289 1.75025583333 1.65088494378
1.84656126404 1.74915366667 1.65174606929
1.84298368188 1.74801175 1.65303981812
1.83974241717 1.74687266667 1.65400291617
1.83696896319 1.74578116667 1.65459337014
1.83490876939 1.74485458333 1.65480039728
1.83326924118 1.74410283333 1.65493642549
1.83141231692 1.74332825 1.65524418308
1.82898686832 1.74240233333 1.65581779835
1.82680555339 1.74155033333 1.65629511328
1.82331882784 1.74050308333 1.65768733882
1.81873147876 1.73927583333 1.6598201879
1.81475585062 1.73807566667 1.66139548271
1.81172599768 1.73697933333 1.66223266898
1.80968010465 1.73598666667 1.66229322868
1.80811973166 1.73500883333 1.661897935
1.80668997631 1.7339765 1.66126302369
1.80556337325 1.733058 1.66055262675
1.80452042495 1.73229775 1.66007507505
1.80353227677 1.73168016667 1.65982805656
1.80278436891 1.73115183333 1.65951929776
1.80213348973 1.730571 1.65900851027
1.80092957621 1.72982858333 1.65872759045
1.79947680669 1.729098 1.65871919331
1.79819853291 1.72845916667 1.65871980042
1.79702424213 1.7278675 1.65871075787
1.79554056212 1.727155 1.65876943788
1.79356980613 1.72630333333 1.65903686054
1.79138251735 1.72542433333 1.65946614932
1.7897831169 1.724596 1.6594088831
1.78866931946 1.72385616667 1.65904301388
1.78774176313 1.72314308333 1.65854440353
1.78686760556 1.72232358333 1.65777956111
1.78644154453 1.72137075 1.65629995547
1.78620801991 1.7205005 1.65479298009
1.78584193857 1.71972891667 1.65361589476
1.78523675951 1.71905075 1.65286474049
1.78436752133 1.71838583333 1.65240414534
1.78322571344 1.71769558333 1.65216545323
1.78171771503 1.716942 1.65216628497
1.77996055976 1.71608475 1.65220894024
1.77850764435 1.71520625 1.65190485565
1.7772223423 1.71440875 1.6515951577
1.7761298128 1.71372325 1.6513166872
1.77496018701 1.71298325 1.65100631299
1.77384597841 1.71220466667 1.65056335493
1.77274305104 1.7114265 1.65010994896
1.77156586757 1.71062591667 1.64968596576
1.7704859604 1.7098705 1.6492550396
1.76969355681 1.70917825 1.64866294319
1.76888072925 1.70849133333 1.64810193741
1.76785578209 1.70782416667 1.64779255124
1.76681444793 1.70718158333 1.64754871874
1.76583272937 1.706467 1.64710127063
1.76486161002 1.70570591667 1.64655022331
1.76382105821 1.70496741667 1.64611377512
1.76255015277 1.70422608333 1.6459020139
1.76080879533 1.70344225 1.64607570467
1.75889609747 1.702633 1.64636990253
1.75714897622 1.7018015 1.64645402378
1.75579405555 1.70104983333 1.64630561111
1.75460072685 1.70035141667 1.64610210648
1.75320884389 1.69960933333 1.64600982278
1.75161774601 1.6988395 1.64606125399
1.74993465903 1.69808208333 1.64622950764
1.74793515645 1.69727825 1.64662134355
1.74562580392 1.696433 1.64724019608
1.74348553362 1.69563541667 1.64778529971
1.74161383539 1.6948915 1.64816916461
1.73981607632 1.69418775 1.64855942368
1.73790712365 1.69346825 1.64902937635
1.73623792123 1.692749 1.64926007877
1.73495529273 1.69206925 1.64918320727
1.73416299715 1.69149316667 1.64882333619
1.73342884535 1.69094175 1.64845465465
1.73273975078 1.69037808333 1.64801641589
1.73221274538 1.68976316667 1.64731358795
1.73174373191 1.68919375 1.64664376809
1.73129649418 1.68866483333 1.64603317249
1.73096999921 1.68822875 1.64548750079
1.7305906787 1.68782141667 1.64505215463
1.72995332871 1.68736566667 1.64477800462
1.72935674992 1.68693875 1.64452075008
1.72869854134 1.6865585 1.64441845866
1.72767815153 1.68613675 1.64459534847
1.72685125601 1.68572133333 1.64459141065
1.72613528442 1.68528791667 1.64444054891
1.72543111014 1.68483516667 1.64423922319
1.72490021554 1.684398 1.64389578446
1.72446786019 1.68396991667 1.64347197314
1.72408805812 1.68356875 1.64304944188
1.72383229396 1.68322066667 1.64260903937
1.72392592659 1.682896 1.64186607341
1.72440675997 1.6824595 1.64051224003
1.72509262085 1.68194633333 1.63880004582
1.72613092929 1.68144708333 1.63676323738
1.72737747627 1.68090466667 1.63443185706
1.72860616088 1.68031916667 1.63203217245
1.7298483096 1.67978925 1.6297301904
1.73162356355 1.67918358333 1.62674360312
1.73391675237 1.67851475 1.62311274763
1.73598515263 1.677864 1.61974284737
1.73754197657 1.67724175 1.61694152343
1.73887577507 1.67650916667 1.61414255826
1.74039798253 1.67568566667 1.6109733508
1.74184947092 1.67483075 1.60781202908
1.74286617968 1.67393358333 1.60500098699
1.74379131533 1.672913 1.60203468467
1.74503192628 1.67178016667 1.59852840705
1.74595410086 1.67063225 1.59531039914
1.74665619668 1.66940941667 1.59216263666
1.74727089114 1.66827258333 1.58927427552
1.74767233285 1.66723033333 1.58678833382
1.74813093268 1.66618741667 1.58424390065
1.74860083683 1.665273 1.58194516317
1.748929682 1.66452283333 1.58011598467
1.74883702754 1.66385341667 1.5788698058
1.74842235353 1.66319558333 1.57796881313
1.74782107741 1.66246616667 1.57711125592
1.74694840247 1.661647 1.57634559753
1.74586101022 1.66081875 1.57577648978
1.74439952203 1.65992825 1.57545697797
1.74274009719 1.65901983333 1.57529956948
1.74131701083 1.65825966667 1.5752023225
1.74006040281 1.65757341667 1.57508643052
1.73877581973 1.656784 1.57479218027
1.73722241766 1.655853 1.57448358234
1.7355239607 1.65490916667 1.57429437263
1.73393795974 1.65407158333 1.57420520693
1.73222010457 1.65328608333 1.5743520621
1.73035028544 1.65247541667 1.5746005479
1.7286502644 1.65168341667 1.57471656893
1.7273144208 1.65090091667 1.57448741254
1.72630239139 1.65005041667 1.57379844194
1.72566958812 1.64918041667 1.57269124522
1.72537143814 1.64832141667 1.5712713952
1.72520493827 1.6475405 1.56987606173
1.72503490268 1.64669041667 1.56834593065
1.72460816209 1.64571266667 1.56681717124
1.72371034015 1.64465316667 1.56559599318
1.72270990565 1.64357991667 1.56444992768
1.72188270844 1.64261491667 1.56334712489
1.72097045536 1.64170675 1.56244304464
1.71974205141 1.64078566667 1.56182928192
1.71833850572 1.63979358333 1.56124866095
1.71685025157 1.6387645 1.56067874843
1.71542558708 1.637876 1.56032641292
1.71410227822 1.63708675 1.56007122178
1.71276777289 1.63626708333 1.55976639378
1.71168620867 1.63546766667 1.55924912466
1.71070101713 1.634649 1.55859698287
1.70973734132 1.63386733333 1.55799732535
1.70899927907 1.63323583333 1.55747238759
1.70878507719 1.63265691667 1.55652875614
1.70875589225 1.63194366667 1.55513144108
1.70859902609 1.63112325 1.55364747391
1.70812430158 1.63019383333 1.55226336509
1.70750703325 1.62915866667 1.55081030008
1.70677571012 1.62807233333 1.54936895654
1.70583949633 1.62702241667 1.548205337
1.70501041865 1.62605033333 1.54709024802
1.70447639873 1.6251125 1.54574860127
1.70372161513 1.624185 1.54464838487
1.702604053 1.62329458333 1.54398511366
1.70156477612 1.62245433333 1.54334389054
1.70069267914 1.62163316667 1.54257365419
1.69980701526 1.62082725 1.54184748474
1.69890937823 1.62004833333 1.54118728844
1.69796645298 1.61923916667 1.54051188035
1.69710376717 1.61838716667 1.53967056616
1.69628006282 1.61748408333 1.53868810385
1.69532312304 1.6164825 1.53764187696
1.69433176499 1.61542358333 1.53651540168
1.69376027097 1.61436083333 1.5349613957
1.69327475502 1.61334291667 1.53341107831
1.69240843403 1.61241925 1.53243006597
1.69131750543 1.61150791667 1.5316983279
1.6901260925 1.61051783333 1.53090957416
1.68884562417 1.60957108333 1.53029654249
1.68767378296 1.60871908333 1.52976438371
1.6864577647 1.60788475 1.5293117353
1.68509191874 1.60714583333 1.52919974792
1.68372788559 1.60652008333 1.52931228107
1.68244140462 1.6060375 1.52963359538
1.6811756929 1.60561383333 1.53005197377
1.6799841567 1.6052355 1.5304868433
1.67881595342 1.60486958333 1.53092321324
1.67743314724 1.60440108333 1.53136901943
1.67589805506 1.60381041667 1.53172277827
1.67423304263 1.60314116667 1.5320492907
1.67257173822 1.602491 1.53241026178
1.67109782307 1.60194166667 1.53278551026
1.66973410853 1.6014365 1.53313889147
1.66835570313 1.60094333333 1.53353096353
1.66693434093 1.60044675 1.53395915907
1.66563537318 1.60001308333 1.53439079348
1.66462475322 1.59966325 1.53470174678
1.66346859659 1.59925316667 1.53503773675
1.66213416828 1.59875033333 1.53536649838
1.6605822725 1.59816958333 1.53575689416
1.65885658409 1.5975675 1.53627841591
1.65717968321 1.59709766667 1.53701565013
1.65595695454 1.59682775 1.53769854546
1.65496810585 1.59664283333 1.53831756081
1.65398518772 1.59647258333 1.53895997895
1.65347646977 1.59638575 1.53929503023
1.65403729299 1.59647558333 1.53891387368
1.65596901352 1.59676133333 1.53755365315
1.65899894649 1.59719816667 1.53539738685
1.66222935839 1.59768008333 1.53313080828
1.66505396356 1.59812483333 1.5311957031
1.6690148776 1.59871958333 1.52842428907
1.67628536463 1.59974 1.52319463537
1.6856251745 1.60111408333 1.51660299217
1.6977155465 1.60288375 1.5080519535
1.71180835308 1.60501208333 1.49821581358
1.72361642478 1.60709766667 1.49057890856
1.73249707957 1.60896433333 1.4854315871
1.73956785152 1.61066691667 1.48176598182
1.74682781873 1.61254825 1.47826868127
1.75484371365 1.6146915 1.47453928635
1.76392078984 1.61702241667 1.4701240435
1.77388891092 1.61945975 1.46503058908
1.78259724704 1.62178183333 1.46096641962
1.78930889599 1.62392283333 1.45853677068
1.79402691941 1.625764 1.45750108059
1.79744066917 1.62731483333 1.45718899749
1.80035429265 1.62881 1.45726570735
1.80346553762 1.63047983333 1.45749412905
1.80600576788 1.63200275 1.45799973212
1.8082172195 1.63347175 1.4587262805
1.81085866915 1.63503633333 1.45921399751
1.81358558932 1.63657441667 1.45956324401
1.81651613585 1.6382055 1.45989486415
1.81969356266 1.63987241667 1.46005127067
1.82259237026 1.64139791667 1.46020346307
1.82500814021 1.64267616667 1.46034419313
1.82735500096 1.64386716667 1.46037933237
1.8294515328 1.645002 1.4605524672
1.83073637856 1.64587891667 1.46102145477
1.83151507927 1.64651633333 1.46151758739
1.83252201899 1.64724708333 1.46197214768
1.83413457723 1.64820225 1.46226992277
1.83562301169 1.64906125 1.46249948831
1.83735695088 1.6499925 1.46262804912
1.83918751983 1.65104033333 1.46289314684
1.84095729113 1.65214166667 1.4633260422
1.84298000972 1.65332775 1.46367549028
1.84499708332 1.654467 1.46393691668
1.8468499858 1.6555055 1.4641610142
1.84910843895 1.65668033333 1.46425222771
1.85138449368 1.65789358333 1.46440267299
1.85366350291 1.65918691667 1.46471033042
1.85628568118 1.66071591667 1.46514615216
1.85935367633 1.66247816667 1.465602657
1.86300641585 1.66447475 1.46594308415
1.86757435422 1.66668841667 1.46580247911
1.87290091038 1.66913641667 1.46537192295
1.87818673904 1.67164691667 1.4651070943
1.8828109653 1.67403075 1.4652505347
1.88642963847 1.67621583333 1.4660020282
1.88911535928 1.678142 1.46716864072
1.89134189567 1.6798985 1.46845510433
1.89338980412 1.68156775 1.46974569588
1.89527460013 1.68323866667 1.4712027332
1.8971521811 1.68495316667 1.47275415223
1.89923296523 1.68664241667 1.4740518681
1.90158061283 1.68836758333 1.47515455384
1.90398596196 1.69016425 1.47634253804
1.90674667201 1.69213225 1.47751782799
1.91024165264 1.69436391667 1.47848618069
1.91404004594 1.69667425 1.47930845406
1.91751268889 1.6988585 1.48020431111
1.92068911197 1.70112225 1.48155538803
1.92362592693 1.70351591667 1.48340590641
1.92622673318 1.7058995 1.48557226682
1.9287623376 1.70830933333 1.48785632906
1.93117351646 1.71078366667 1.49039381687
1.93350396423 1.71329966667 1.4930953691
1.93582200312 1.71577625 1.49573049688
1.93819125271 1.71826183333 1.49833241396
1.94062571773 1.72085266667 1.50107961561
1.94284713714 1.72336133333 1.50387552953
1.94494830071 1.72574066667 1.50653303262
1.94642188159 1.72793575 1.50944961841
1.94752152454 1.73007733333 1.51263314212
1.94877872239 1.73229233333 1.51580594428
1.95014678969 1.73454958333 1.51895237698
1.95102413322 1.73670625 1.52238836678
1.95119179167 1.73872066667 1.52624954167
1.95093584822 1.74068675 1.53043765178
1.95030763175 1.7426285 1.53494936825
1.94942469248 1.74458966667 1.53975464085
1.9481508015 1.74660016667 1.54504953184
1.94669738857 1.74857525 1.55045311143
1.9453650162 1.75036866667 1.55537231713
1.94396457258 1.752063 1.56016142742
1.94226284603 1.75376633333 1.56526982063
1.94052114979 1.75539408333 1.57026701687
1.93878482362 1.75696158333 1.57513834305
1.93692602774 1.75844383333 1.57996163892
1.93528977291 1.75981675 1.58434372709
1.93388304313 1.76110183333 1.58832062353
1.93277853955 1.76221766667 1.59165679378
1.93177201017 1.76318475 1.59459748983
1.93080690886 1.76402891667 1.59725092448
1.92982076676 1.76483183333 1.59984289991
1.92854652345 1.76575675 1.60296697655
1.92684835076 1.76680916667 1.60676998258
1.9248554911 1.767909 1.6109625089
1.92280914808 1.76899483333 1.61518051859
1.92088916627 1.77001683333 1.61914450039
1.91895052045 1.77100441667 1.62305831288
1.91696766498 1.771988 1.62700833502
1.91487822096 1.77301433333 1.63115044571
1.91287347161 1.77395566667 1.63503786172
1.91088755842 1.77483641667 1.63878527491
1.90867548669 1.77571391667 1.64275234665
1.90602884583 1.77666841667 1.6473079875
1.90302368073 1.77767575 1.65232781927
1.89992520404 1.77864441667 1.6573636293
1.897431984 1.77944783333 1.66146368267
1.89568251272 1.780104 1.66452548728
1.89432154797 1.78067983333 1.66703811869
1.89300755793 1.781288 1.66956844207
1.8917229739 1.78196658333 1.67221019277
1.89079062717 1.78263591667 1.67448120617
1.89028221457 1.78320475 1.67612728543
1.89000499859 1.78366883333 1.67733266808
1.88988109395 1.78426033333 1.67863957272
1.88982842409 1.78499191667 1.68015540924
1.88999262778 1.78557941667 1.68116620555
1.89026608505 1.785831 1.68139591495
1.89029537521 1.78584966667 1.68140395812
1.88958467548 1.7855465 1.68150832452
1.88800045332 1.785064 1.68212754668
1.88690283648 1.78471783333 1.68253283019
1.88664007485 1.78461875 1.68259742515
1.88679910629 1.78469041667 1.68258172705
1.88673050576 1.78466 1.68258949424
1.88628093345 1.78448858333 1.68269623322
1.88524225428 1.78416383333 1.68308541239
1.88351429675 1.78370458333 1.68389486992
1.88223856914 1.78334466667 1.68445076419
1.88193465608 1.78324275 1.68455084392
1.88249076303 1.78348625 1.68448173697
1.88331016459 1.78398041667 1.68465066874
1.8841273193 1.78457175 1.6850161807
1.88482071222 1.78505233333 1.68528395445
1.8854942005 1.78566008333 1.68582596617
1.8862208797 1.78638158333 1.68654228696
1.8870526107 1.78699925 1.6869458893
1.88785040064 1.78757683333 1.68730326603
1.88874692874 1.78812708333 1.68750723793
1.88981208454 1.78867308333 1.68753408213
1.89124950188 1.78938033333 1.68751116479
1.89325566496 1.79034891667 1.68744216837
1.89538315475 1.79135683333 1.68733051192
1.89727400304 1.79239058333 1.68750716363
1.89886868187 1.793708 1.68854731813
1.90006924238 1.79527008333 1.69047092429
1.90150916411 1.79672775 1.69194633589
1.90336703933 1.79795758333 1.69254812734
1.90528334178 1.79924475 1.69320615822
1.90809367129 1.80061575 1.69313782871
1.91117872854 1.80203008333 1.69288143813
1.91408285777 1.80344991667 1.69281697557
1.91719034623 1.80482008333 1.69244982044
1.92042738468 1.80621833333 1.69200928199
1.92411233087 1.80775833333 1.6914043358
1.92859031812 1.80931133333 1.69003234854
1.93294366136 1.81085533333 1.68876700531
1.93761676608 1.81247191667 1.68732706725
1.94316815286 1.81414516667 1.68512218047
1.9490699437 1.81577075 1.6824715563
1.95468362071 1.81723691667 1.67979021262
1.96013064758 1.81853491667 1.67693918575
1.96584852648 1.81977666667 1.67370480685
1.9722456825 1.82112991667 1.67001415083
1.98027636085 1.82282366667 1.66537097248
1.98745766888 1.82458925 1.66172083112
1.99321525474 1.82634908333 1.65948291193
1.99769925005 1.82801383333 1.65832841661
2.00157908421 1.82962008333 1.65766108245
2.0057492768 1.83133608333 1.65692288987
2.01043529679 1.83315825 1.65588120321
2.01558915742 1.83503608333 1.65448300925
2.02111216582 1.83692608333 1.65274000085
2.02674731763 1.83882733333 1.65090734904
2.03164859625 1.84049975 1.64935090375
2.03627917802 1.84196375 1.64764832198
2.04057791291 1.84331108333 1.64604425375
2.04567949084 1.84488633333 1.64409317583
2.05133486134 1.84661033333 1.64188580533
2.05699486486 1.84835725 1.63971963514
2.06219465436 1.85007516667 1.63795567897
2.06704509411 1.85173141667 1.63641773922
2.07176431119 1.85336716667 1.63497002215
2.07580720937 1.85485633333 1.6339054573
2.07958087486 1.85629358333 1.6330062918
2.08392188107 1.85785375 1.63178561893
2.08867271632 1.85947225 1.63027178368
2.09342502679 1.86114375 1.62886247321
2.09834844114 1.86290775 1.62746705886
2.10356202631 1.86489733333 1.62623264036
2.1087076836 1.86696708333 1.62522648307
2.11206328615 1.86855058333 1.62503788051
2.11434672859 1.86978083333 1.62521493807
2.11696108105 1.87122766667 1.62549425228
2.1200248275 1.87300825 1.6259916725
2.12308811201 1.87490741667 1.62672672132
2.12625087077 1.87693558333 1.62762029589
2.12937038813 1.8789955 1.62862061187
2.13250227327 1.88111116667 1.62972006006
2.13557402957 1.88326916667 1.63096430376
2.13851400661 1.88549158333 1.63246916006
2.14123960396 1.8877465 1.63425339604
2.14362670221 1.88997058333 1.63631446446
2.14577418716 1.89219333333 1.6386124795
2.14774154119 1.89440558333 1.64106962547
2.14969784244 1.89674166667 1.64378549089
2.15185100715 1.89917683333 1.64650265952
2.15408640055 1.90164483333 1.64920326611
2.15599488134 1.90407883333 1.65216278533
2.15741058308 1.90649608333 1.65558158359
2.15858345345 1.90899783333 1.65941221322
2.15987658226 1.91163741667 1.66339825107
2.161410376 1.9143495 1.667288624
2.1628061247 1.91704925 1.6712923753
2.1639204061 1.9197275 1.6755345939
2.16466449329 1.9223285 1.67999250671
2.16517144757 1.92489533333 1.6846192191
2.16548866253 1.92747308333 1.68945750414
2.16559545316 1.93000566667 1.69441588018
2.16553029742 1.93243625 1.69934220258
2.16525054249 1.93492141667 1.70459229084
2.16484614224 1.937499 1.71015185776
2.16413431831 1.94012516667 1.71611601502
2.16314493354 1.94270525 1.72226556646
2.16194514272 1.945252 1.72855885728
2.16043847582 1.94782991667 1.73522135752
2.15866717652 1.95043333333 1.74219949015
2.15690984643 1.95297391667 1.7490379869
2.15522433653 1.9554995 1.75577466347
2.15366954848 1.95795991667 1.76225028486
2.15237110101 1.96032308333 1.76827506566
2.15148185829 1.96262641667 1.77377097504
2.15087271866 1.96493416667 1.77899561467
2.15029362568 1.967265 1.78423637432
2.14999291615 1.96941716667 1.78884141718
2.14966669147 1.97137991667 1.79309314186
2.14922199438 1.97331691667 1.79741183895
2.14877970318 1.97527866667 1.80177763015
2.14818670673 1.977253 1.80631929327
2.14726070941 1.97912458333 1.81098845725
2.14647383531 1.98085591667 1.81523799802
2.14562368633 1.98251958333 1.81941548033
2.1447473201 1.98420191667 1.82365651324
2.14370769205 1.9858765 1.82804530795
2.14240205726 1.98759416667 1.83278627607
2.14106267759 1.98934858333 1.83763448908
2.13972650325 1.99106158333 1.84239666342
2.13837290844 1.99271558333 1.84705825822
2.1368476079 1.99436808333 1.85188855876
2.13520543654 1.99601316667 1.85682089679
2.13355237545 1.99764491667 1.86173745788
2.13180535562 1.99931316667 1.86682097771
2.129921794 2.00101408333 1.87210637266
2.12763354181 2.00273583333 1.87783812485
2.12505051498 2.00442783333 1.88380515169
2.12242557827 2.00607841667 1.88973125506
2.11965756722 2.00769766667 1.89573776611
2.11652925842 2.00929916667 1.90206907491
2.11331361908 2.01084133333 1.90836904759
2.11022251602 2.01233308333 1.91444365065
2.1075050662 2.01376725 1.9200294338
2.10540476681 2.015094 1.92478323319
2.10336792311 2.01641833333 1.92946874356
2.10093861496 2.0178005 1.93466238504
2.09827012824 2.01913266667 1.93999520509
2.09549495964 2.0204035 1.94531204036
2.09241811186 2.02164383333 1.9508695548
2.08901284195 2.02284383333 1.95667482472
2.08543059904 2.02399583333 1.96256106763
2.08274774561 2.02496291667 1.96717808772
2.08023176043 2.025865 1.97149823957
2.07732327844 2.02677808333 1.97623288822
2.0743804536 2.02765083333 1.98092121306
2.07141346564 2.02850816667 1.98560286769
2.06896365199 2.02927775 1.98959184801
2.06731855513 2.02989691667 1.9924752782
2.06550913456 2.03051183333 1.99551453211
2.06407239545 2.03106125 1.99805010455
2.06348180715 2.03145391667 1.99942602619
2.0632108413 2.03174675 2.0002826587
2.06297286488 2.03203891667 2.00110496845
2.06296681062 2.03232325 2.00167968938
2.06322830883 2.03251875 2.00180919117
2.06354664302 2.0326305 2.00171435698
2.06320793649 2.03256366667 2.00191939684
2.06388237091 2.03270766667 2.00153296242
2.06539002141 2.03315658333 2.00092314526
2.06681169827 2.03387591667 2.00094013506
2.06829353648 2.03477666667 2.00125979685
2.0703196547 2.03563433333 2.00094901197
2.07198833954 2.03628516667 2.00058199379
2.07335021994 2.036761 2.00017178006
2.07478707663 2.03716091667 1.99953475671
2.07649526449 2.03756941667 1.99864356884
2.07882465443 2.03816183333 1.99749901223
2.08212565279 2.03887891667 1.99563218054
2.08538819672 2.03963558333 1.99388296994
2.08781713892 2.04016516667 1.99251319441
2.08886553791 2.04041091667 1.99195629542
2.08927981682 2.04051975 1.99175968318
2.08980587544 2.04068008333 1.99155429123
2.09041014415 2.04088166667 1.99135318918
2.09103233967 2.04109125 1.99115016033
2.09176948788 2.04141633333 1.99106317879
2.09267237665 2.0418275 1.99098262335
2.093677302 2.04214416667 1.99061103133
2.09460377214 2.04238066667 1.9901575612
2.09526415081 2.04255991667 1.98985568252
2.0953010346 2.042571 1.9898409654
2.0950734355 2.04250591667 1.98993839783
2.09487632562 2.0424505 1.99002467438
2.09510486884 2.04266416667 1.9902234645
2.09480464041 2.04308783333 1.99137102625
2.09472943717 2.04343491667 1.99214039617
2.09478578096 2.04362216667 1.99245855237
2.094835416 2.04377558333 1.99271575067
2.09484442813 2.04380941667 1.9927744052
2.09484215672 2.04378958333 1.99273700995
2.09484180126 2.04378883333 1.9927358654
2.0948471657 2.04379758333 1.99274800096
2.09483452295 2.04376691667 1.99269931038
2.09482931487 2.04374158333 1.9926538518
2.09482690649 2.0438005 1.99277409351
2.09481124699 2.04391958333 1.99302791968
2.09478761802 2.04409608333 1.99340454865
2.09480606825 2.04422675 1.99364743175
2.09482896889 2.0442655 1.99370203111
2.09483340405 2.0442705 1.99370759595
2.09486471538 2.04432691667 1.99378911795
2.09485374308 2.04442891667 1.99400409025
2.09485534983 2.04442616667 1.9939969835
2.09509445932 2.04415266667 1.99321087402
2.09553546357 2.0436635 1.99179153643
2.09600597189 2.04316441667 1.99032286144
2.0964700671 2.04270941667 1.98894876623
2.09694133315 2.04234183333 1.98774233352
2.09736323995 2.0420245 1.98668576005
2.09782884667 2.0416915 1.98555415333
2.09839373568 2.04135366667 1.98431359765
2.09921203049 2.040985 1.98275796951
2.1001341728 2.04056925 1.9810043272
2.10114278393 2.04007041667 1.97899804941
2.10220689512 2.03954391667 1.97688093821
2.10311335952 2.03908791667 1.97506247381
2.10401520648 2.0386445 1.97327379352
2.10502115478 2.03816333333 1.97130551188
2.10585256457 2.03771291667 1.96957326877
2.10646670984 2.037321 1.96817529016
2.10699788988 2.03691208333 1.96682627679
2.10735938468 2.036546 1.96573261532
2.10766012604 2.03618091667 1.96470170729
2.10797993795 2.03571408333 1.96344822872
2.10816855305 2.0351785 1.96218844695
2.10822878833 2.03461583333 1.96100287833
2.10841997676 2.03401941667 1.95961885657
2.10882720629 2.03344925 1.95807129371
2.10923528989 2.0328875 1.95653971011
2.10970123484 2.03223841667 1.95477559849
2.11021672226 2.03155408333 1.9528914444
2.11074782041 2.030985 1.95122217959
2.11116734608 2.03049208333 1.94981682059
2.111479689 2.03007975 1.948679811
2.11170959931 2.02966766667 1.94762573402
2.11182732947 2.02934241667 1.94685750386
2.11190391558 2.0290455 1.94618708442
2.11193625143 2.02871116667 1.9454860819
2.1119330553 2.02840758333 1.94488211137
2.11188074747 2.02823008333 1.9445794192
2.1118320697 2.02805925 1.9442864303
2.1117802159 2.02794958333 1.94411895077
2.11172206182 2.02785508333 1.94398810485
2.11162988605 2.02773166667 1.94383344728
2.11152798558 2.02762666667 1.94372534775
2.11144409034 2.02753491667 1.94362574299
2.11140281105 2.02748725 1.94357168895
2.11136371034 2.02744266667 1.94352162299
2.11129232552 2.02733416667 1.94337600782
2.11125218056 2.02710425 1.94295631944
2.11125721928 2.02683383333 1.94241044739
2.11127514042 2.02650416667 1.94173319292
2.11131117531 2.02606308333 1.94081499136
2.11130443354 2.02556508333 1.93982573313
2.11120759978 2.02504583333 1.93888406689
2.11095613763 2.02462491667 1.9382936957
2.11073943571 2.0242635 1.93778756429
2.1105408696 2.02398208333 1.93742329707
2.11038090111 2.02379508333 1.93720926556
2.11026466338 2.0236565 1.93704833662
2.11018706296 2.02357241667 1.93695777037
2.11014095028 2.02352616667 1.93691138305
2.11005395344 2.02342425 1.93679454656
2.10993986134 2.02324533333 1.93655080533
2.10982013642 2.02303375 1.93624736358
2.10966825896 2.02282491667 1.93598157438
2.1094897574 2.02260775 1.9357257426
2.10932110168 2.02241816667 1.93551523166
2.10915831096 2.02224483333 1.93533135571
2.10897062867 2.02204958333 1.935128538
2.10875510525 2.02182266667 1.93489022808
2.10854157102 2.02159041667 1.93463926232
2.10833260526 2.02140341667 1.93447422807
2.10805320308 2.02119716667 1.93434113025
2.1076530341 2.02090816667 1.93416329923
2.10714829736 2.02060783333 1.9340673693
2.10654837452 2.02030591667 1.93406345881
2.1056895626 2.01992191667 1.93415427074
2.10463971411 2.01952358333 1.93440745256
2.10347183976 2.01913016667 1.93478849357
2.10197754715 2.01867141667 1.93536528619
2.10038620496 2.018225 1.93606379504
2.09919451508 2.01787908333 1.93656365159
2.09822847859 2.01758658333 1.93694468808
2.09732636224 2.01733733333 1.93734830443
2.09668578381 2.017189 1.93769221619
2.09730400175 2.01729916667 1.93729433158
2.09785931168 2.01738666667 1.93691402165
2.0983672292 2.01746608333 1.93656493747
2.09906057241 2.01758033333 1.93610009426
2.10060273077 2.01785858333 1.93511443589
2.10277980758 2.01827616667 1.93377252575
2.1053334082 2.01876983333 1.93220625847
2.10822162842 2.0193265 1.93043137158
2.11082359711 2.01984783333 1.92887206956
2.11365210185 2.02041983333 1.92718756481
2.11579036286 2.02087133333 1.92595230381
2.11776484446 2.02127833333 1.92479182221
2.12077203174 2.02183975 1.92290746826
2.12482293982 2.0225875 1.92035206018
2.1315016608 2.02377166667 1.91604167254
2.1403029098 2.02526316667 1.91022342353
2.14890798749 2.02678491667 1.90466184585
2.1560569465 2.02827791667 1.90049888683
2.16174117144 2.02966708333 1.89759299523
2.16627857372 2.03088441667 1.89549025961
2.17096319922 2.03216491667 1.89336663411
2.17662982273 2.0336415 1.89065317727
2.18272991455 2.03526983333 1.88780975211
2.18945886107 2.03706616667 1.88467347226
2.19667790326 2.03893375 1.88118959674
2.20344458526 2.04075466667 1.87806474807
2.20983653214 2.04258641667 1.8753363012
2.21644780608 2.04450533333 1.87256286059
2.22303118255 2.04644041667 1.86984965078
2.22924655863 2.048328 1.86740944137
2.23492882042 2.05012533333 1.86532184625
2.2396585238 2.05175958333 1.86386064286
2.24435143932 2.05340616667 1.86246089402
2.2487102989 2.05499191667 1.86127353443
2.25276521311 2.05653825 1.86031128689
2.25709812782 2.05820391667 1.85930970552
2.261270976 2.0599465 1.858622024
2.26510308258 2.06179591667 1.85848875076
2.2693008975 2.06387533333 1.85844976917
2.27366381707 2.06603508333 1.8584063496
2.27814864084 2.06824083333 1.85833302583
2.28302300727 2.07054941667 1.85807582607
2.28826803464 2.0729495 1.85763096536
2.29352077349 2.075406 1.85729122651
2.29896629373 2.07798033333 1.85699437294
2.30429299211 2.08066775 1.85704250789
2.30957317062 2.083421 1.85726882938
2.31474465837 2.08622241667 1.85770017496
2.31968448458 2.08904333333 1.85840218209
2.32400232043 2.09172658333 1.85945084624
2.32778005963 2.09432883333 1.86087760703
2.33175601113 2.0970605 1.86236498887
2.33638185213 2.09992441667 1.8634669812
2.34160474277 2.10287666667 1.86414859056
2.3474656549 2.10596958333 1.86447351177
2.35485091382 2.10932175 1.86379258618
2.36304344714 2.11284291667 1.86264238619
2.37105788719 2.11642633333 1.86179477948
2.37995804684 2.12020483333 1.86045161983
2.38822699574 2.12390583333 1.85958467092
2.39443323473 2.12733041667 1.86022759861
2.40006869606 2.13074875 1.86142880394
2.40521798418 2.13410966667 1.86300134915
2.40958903422 2.13740058333 1.86521213245
2.41393110281 2.14076975 1.86760839719
2.41862860175 2.144236 1.86984339825
2.42335475849 2.14769008333 1.87202540818
2.4275002345 2.15097941667 1.87445859883
2.43115663963 2.15414541667 1.87713419371
2.43478237789 2.15723925 1.87969612211
2.43742127868 2.16005458333 1.88268788799
2.43906017668 2.16257275 1.88608532332
2.44052362748 2.1650135 1.88950337252
2.44199968228 2.16732108333 1.89264248439
2.44333070369 2.16960366667 1.89587662964
2.44467073125 2.17182433333 1.89897793541
2.44595618143 2.17400433333 1.90205248523
2.44681226645 2.1760195 1.90522673355
2.44699185465 2.17762133333 1.90825081202
2.44696182424 2.17911441667 1.91126700909
2.4470181478 2.18067591667 1.91433368554
2.44698484997 2.182199 1.91741315003
2.44679803395 2.18379208333 1.92078613272
2.44649621209 2.1856695 1.92484278791
2.44630330835 2.18777933333 1.92925535832
2.44593961926 2.18993058333 1.93392154741
2.44509962754 2.19201066667 1.93892170579
2.44397790081 2.19401091667 1.94404393253
2.44267300948 2.19589883333 1.94912465718
2.44156702188 2.1976695 1.95377197812
2.44048772348 2.19945666667 1.95842560985
2.43943550071 2.20116833333 1.96290116596
2.43847342963 2.20280975 1.96714607037
2.4374368948 2.20438558333 1.97133427186
2.43632834089 2.20579866667 1.97526899244
2.43519615444 2.20712108333 1.97904601223
2.43387812333 2.20850125 1.98312437667
2.4322821193 2.20994608333 1.98761004737
2.43050894077 2.2113945 1.99228005923
2.42871667846 2.21274466667 1.99677265487
2.42687700268 2.21408875 2.00130049732
2.42503214574 2.21545075 2.00586935426
2.42315368909 2.21682775 2.01050181091
2.42118826689 2.21831508333 2.01544189978
2.41908465528 2.21988933333 2.02069401139
2.41680455947 2.22142008333 2.02603560719
2.41458158727 2.22283191667 2.03108224607
2.41235726013 2.22422683333 2.03609640654
2.40990001616 2.22574283333 2.0415856505
2.4076283692 2.2274725 2.0473166308
2.40558634497 2.22932275 2.05305915503
2.40349884814 2.23125691667 2.05901498519
2.40172119827 2.23328291667 2.06484463506
2.40020703886 2.2353655 2.07052396114
2.39887130245 2.237571 2.07627069755
2.39787707979 2.23984866667 2.08182025355
2.39703622377 2.24219233333 2.0873484429
2.39604736023 2.24456441667 2.0930814731
2.39506017785 2.24684675 2.09863332215
2.393832174 2.24872358333 2.10361499267
2.39317260416 2.25005125 2.10692989584
2.39284188429 2.25131741667 2.10979294904
2.39267248202 2.25267375 2.11267501798
2.39228712171 2.254031 2.11577487829
2.39181186859 2.2553735 2.11893513141
2.39152215262 2.25677258333 2.12202301405
2.39168274694 2.25827616667 2.12486958639
2.39208299342 2.25978175 2.12748050658
2.39261208585 2.261411 2.13020991415
2.39367771468 2.26314975 2.13262178532
2.39497780089 2.26510933333 2.13524086578
2.39651760921 2.26712341667 2.13772922413
2.39787174501 2.26879325 2.13971475499
2.39864125249 2.27009516667 2.14154908085
2.39941095729 2.27095025 2.14248954271
2.40019787316 2.2715115 2.14282512684
2.40127281218 2.27215158333 2.14303035448
2.40246059257 2.2729925 2.14352440743
2.4033763618 2.27397041667 2.14456447153
2.40399034855 2.27506716667 2.14614398478
2.40460708426 2.27611516667 2.14762324907
2.40560060379 2.27706108333 2.14852156288
2.40722276991 2.27811366667 2.14900456343
2.40930780153 2.27916958333 2.14903136513
2.41083849863 2.27997125 2.14910400137
2.41225859193 2.2807705 2.14928240807
2.41366996459 2.28160216667 2.14953436875
2.41558191939 2.28252391667 2.14946591394
2.41769087344 2.28347775 2.14926462656
2.41974454133 2.28445 2.14915545867
2.42162648337 2.28544191667 2.14925734996
2.4234842925 2.28659925 2.1497142075
2.42571801691 2.28785166667 2.14998531643
2.42780520368 2.28913225 2.15045929632
2.42920207057 2.29028783333 2.15137359609
2.43038401118 2.29129491667 2.15220582215
2.43147166239 2.29230983333 2.15314800428
2.43257271767 2.293419 2.15426528233
2.43374191191 2.29442058333 2.15509925476
2.43474313984 2.29529725 2.15585136016
2.43569578349 2.29610575 2.15651571651
2.43682403312 2.29687541667 2.15692680022
2.4382659916 2.29766308333 2.15706017507
2.44021248314 2.29857633333 2.15694018352
2.44244239023 2.29951025 2.15657810977
2.44499397452 2.30051425 2.15603452548
2.44788994405 2.3015845 2.15527905595
2.45077143936 2.3026495 2.15452756064
2.45327999522 2.30364491667 2.15400983811
2.45575850155 2.30473516667 2.15371183178
2.45846136286 2.30597716667 2.15349297048
2.46078699615 2.30705433333 2.15332167051
2.4624858963 2.30783133333 2.15317677037
2.46366155817 2.30835808333 2.1530546085
2.46456727674 2.30872475 2.15288222326
2.46505161423 2.30888016667 2.15270871911
2.46515412702 2.3089095 2.15266487298
2.46537865592 2.3089715 2.15256434408
2.46442853094 2.30871975 2.15301096906
2.46335042317 2.30841391667 2.15347741016
2.46343093325 2.30844058333 2.15345023341
2.46377953712 2.30855816667 2.15333679621
2.46422992461 2.3087175 2.15320507539
2.46462370423 2.30887833333 2.15313296244
2.46446037077 2.30880491667 2.15314946256
2.46380513363 2.308514 2.15322286637
2.46309444867 2.30821025 2.15332605133
2.462713968 2.30803666667 2.15335936533
2.4624030434 2.30787475 2.1533464566
2.46216365984 2.30775441667 2.15334517349
2.46218068938 2.30776641667 2.15335214395
2.46248240804 2.30807675 2.15367109196
2.46293223603 2.30851775 2.15410326397
2.46353826216 2.30906691667 2.15459557117
2.46435752628 2.30974441667 2.15513130705
2.46516663626 2.31042258333 2.15567853041
2.46599244654 2.31112225 2.15625205346
2.46669664728 2.31194191667 2.15718718605
2.46690458745 2.31307575 2.15924691255
2.46672863742 2.31424508333 2.16176152925
2.46665746236 2.31533008333 2.16400270431
2.46638146095 2.31638625 2.16639103905
2.46598924641 2.31738741667 2.16878558692
2.46577016231 2.31821408333 2.17065800436
2.46570823206 2.31880366667 2.17189910128
2.46555370404 2.31925533333 2.17295696262
2.46520880738 2.31961658333 2.17402435929
2.46472155553 2.32000825 2.17529494447
2.46399971872 2.32053325 2.17706678128
2.4632659242 2.32105033333 2.17883474246
2.46259032887 2.32156575 2.18054117113
2.46185891144 2.322089 2.18231908856
2.46128821946 2.32241208333 2.18353594721
2.46093776139 2.322569 2.18420023861
2.46049196977 2.322737 2.18498203023
2.46010120356 2.32286991667 2.18563862977
2.45959103952 2.32304758333 2.18650412715
2.45879686138 2.3233355 2.18787413862
2.45778245593 2.32370333333 2.18962421074
2.45630741799 2.324235 2.19216258201
2.45466539272 2.32484533333 2.19502527395
2.45318487733 2.32538491667 2.197584956
2.45176347235 2.32590291667 2.20004236099
2.45084478922 2.32623425 2.20162371078
2.45026151215 2.32644341667 2.20262532118
2.44928224368 2.326799 2.20431575632
2.44810013989 2.3271965 2.20629286011
2.44691670616 2.32759341667 2.20827012717
2.44604850852 2.32789266667 2.20973682481
2.44600246211 2.3279115 2.20982053789
2.44618989047 2.3278165 2.20944310953
2.44655853524 2.32761533333 2.20867213143
2.44733559318 2.32715958333 2.20698357349
2.44822028908 2.326565 2.20490971092
2.44908569268 2.32583275 2.20257980732
2.44987792816 2.324966 2.20005407184
2.45055265593 2.32400675 2.19746084407
2.45120501826 2.32299975 2.19479448174
2.45177239514 2.32203775 2.19230310486
2.45247560096 2.32132425 2.19017289904
2.45321555566 2.32078591667 2.18835627768
2.45398091436 2.320178 2.18637508564
2.45470038589 2.31947658333 2.18425278078
2.4553077624 2.31884775 2.1823877376
2.4558017438 2.31827841667 2.18075508953
2.45616427176 2.31767341667 2.17918256158
2.45629106018 2.31698083333 2.17767060649
2.45635637027 2.31620958333 2.17606279639
2.45628940177 2.3153295 2.17436959823
2.45577989819 2.31441958333 2.17305926848
2.45479760287 2.31354916667 2.17230073046
2.45358116653 2.3127065 2.17183183347
2.45272819301 2.31199725 2.17126630699
2.4523513302 2.31140691667 2.17046250314
2.45223509818 2.3108075 2.16937990182
2.45222507119 2.31010225 2.16797942881
2.45208997885 2.30922558333 2.16636118782
2.45182448168 2.3083505 2.16487651832
2.45164732336 2.30750775 2.16336817664
2.45142855634 2.30676775 2.16210694366
2.45112391022 2.30614816667 2.16117242311
2.45085194296 2.30523533333 2.15961872371
2.45013189936 2.30413333333 2.15813476731
2.44906849789 2.30286833333 2.15666816878
2.44836335064 2.30171316667 2.15506298269
2.44777383543 2.30052725 2.15328066457
2.44727111912 2.29925191667 2.15123271421
2.44632573223 2.29779391667 2.1492621011
2.44501805818 2.29633658333 2.14765510848
2.44363961057 2.29491566667 2.14619172276
2.4422575625 2.2936055 2.1449534375
2.44080839189 2.29227375 2.14373910811
2.43895156474 2.29081166667 2.14267176859
2.43706279597 2.28940833333 2.1417538707
2.4357424694 2.28814333333 2.14054419726
2.43456948839 2.28699541667 2.13942134494
2.43340837591 2.28586758333 2.13832679076
2.43214219312 2.28467283333 2.13720347355
2.43080727907 2.28348791667 2.13616855426
2.42957197754 2.28244058333 2.13530918912
2.42831856344 2.28158558333 2.13485260322
2.4268320169 2.28057733333 2.13432264977
2.42495363373 2.27930508333 2.13365653293
2.42242785391 2.27783491667 2.13324197943
2.41940010367 2.2762785 2.13315689633
2.41582378483 2.27465425 2.13348471517
2.41161333561 2.27297775 2.13434216439
2.40720122571 2.27129083333 2.13538044095
2.40307672514 2.26972725 2.13637777486
2.39893534149 2.26830783333 2.13768032517
2.39438894846 2.26693125 2.13947355154
2.39014418219 2.26562508333 2.14110598448
2.38654568718 2.26448008333 2.14241447948
2.38352066168 2.263538 2.14355533832
2.38046790039 2.26262875 2.14478959961
2.37688980082 2.26169483333 2.14649986585
2.3728013174 2.26067891667 2.14855651594
2.36807262163 2.25953325 2.15099387837
2.36389113722 2.25848808333 2.15308502945
2.36030577672 2.25756133333 2.15481688995
2.35652695974 2.25658183333 2.15663670692
2.35234391151 2.2555095 2.15867508849
2.34810769607 2.25442125 2.16073480393
2.34445602664 2.25340625 2.16235647336
2.34185574291 2.25261791667 2.16338009042
2.33987010701 2.25202483333 2.16417955966
2.33790695771 2.25149066667 2.16507437562
2.33588253996 2.250965 2.16604746004
2.33401593756 2.25041058333 2.16680522911
2.33171139359 2.24969016667 2.16766893974
2.32987446914 2.24900375 2.16813303086
2.32794471594 2.2482775 2.16861028406
2.32555724303 2.24750875 2.16946025697
2.3225923041 2.24664566667 2.17069902923
2.31880279811 2.245646 2.17248920189
2.31485198099 2.24466358333 2.17447518568
2.31066597095 2.24372091667 2.17677586238
2.30682497666 2.24296158333 2.17909819001
2.30368991 2.24240991667 2.18112992333
2.30123559528 2.24198583333 2.18273607139
2.29923230656 2.24167266667 2.18411302677
2.29905795601 2.24164833333 2.18423871066
2.29990724429 2.24176541667 2.18362358904
2.30097768435 2.24191833333 2.18285898232
2.30333708056 2.24225208333 2.18116708611
2.30710624156 2.24281941667 2.17853259177
2.31228175865 2.24370966667 2.17513757468
2.31851232474 2.24480525 2.17109817526
2.32512106681 2.24596083333 2.16680059986
2.33100539192 2.24708475 2.16316410808
2.33748274155 2.2482875 2.15909225845
2.34474582173 2.24963625 2.15452667827
2.3526874839 2.25128508333 2.14988268277
2.36070448888 2.25320608333 2.14570767779
2.36971311714 2.25541941667 2.14112571619
2.3791885611 2.25785766667 2.13652677223
2.38688493322 2.26008833333 2.13329173345
2.39226353477 2.261926 2.13158846523
2.39616686819 2.26348166667 2.13079646515
2.39924584142 2.26479441667 2.13034299191
2.40254542106 2.26608791667 2.12963041227
2.4063215159 2.26752216667 2.12872281743
2.40971015815 2.26888808333 2.12806600852
2.41320842365 2.27037975 2.12755107635
2.41818467526 2.27223033333 2.12627599141
2.42385223289 2.27413108333 2.12440993377
2.42892251472 2.27598075 2.12303898528
2.43430507072 2.27789925 2.12149342928
2.440258883 2.27996158333 2.11966428367
2.44659895163 2.28214525 2.11769154837
2.45278463198 2.28427841667 2.11577220135
2.45705835904 2.28611225 2.11516614096
2.46225513593 2.28826316667 2.11427119741
2.46715117488 2.2904165 2.11368182512
2.4712953126 2.29245083333 2.11360635407
2.47546822423 2.29453008333 2.11359194244
2.47984166772 2.29668283333 2.11352399894
2.48491995054 2.29903091667 2.1131418828
2.49035506897 2.30144966667 2.11254426436
2.49621950894 2.30397566667 2.11173182439
2.50347919961 2.30681691667 2.11015463372
2.51076666957 2.30972325 2.10867983043
2.51767431483 2.31260066667 2.1075270185
2.52449858289 2.31545591667 2.10641325044
2.53160132547 2.318346 2.10509067453
2.53947819628 2.32135541667 2.10323263705
2.54775970409 2.324404 2.10104829591
2.55580924228 2.32748225 2.09915525772
2.56298807104 2.33047016667 2.0979522623
2.56877091285 2.33309458333 2.09741825382
2.57359947235 2.33535158333 2.09710369432
2.57822596665 2.33748641667 2.09674686669
2.58246553032 2.33956275 2.09665996968
2.58614861124 2.34163566667 2.09712272209
2.59032896566 2.34401325 2.09769753434
2.59520962944 2.34671441667 2.09821920389
2.60016195156 2.349526 2.09889004844
2.60500854738 2.35230133333 2.09959411928
2.60974696514 2.35510783333 2.10046870153
2.61502785295 2.35798541667 2.10094298038
2.62066569964 2.36084241667 2.1010191337
2.62610003048 2.3639435 2.10178696952
2.63142561129 2.367052 2.10267838871
2.6371975859 2.37033791667 2.10347824743
2.64386777936 2.37388133333 2.1038948873
2.65099571534 2.37763608333 2.10427645133
2.65922927216 2.38175858333 2.10428789451
2.66831307272 2.38611991667 2.10392676061
2.67636294335 2.39027141667 2.10417988998
2.68282854708 2.39412966667 2.10543078625
2.68865506959 2.39780675 2.10695843041
2.69467704128 2.40158541667 2.10849379205
2.70128200896 2.40555975 2.10983749104
2.70765345081 2.40948025 2.11130704919
2.71362942141 2.41341133333 2.11319324526
2.71881633344 2.41715691667 2.1154974999
2.72479184474 2.42111916667 2.11744648859
2.73085818262 2.42519516667 2.11953215072
2.73646845454 2.42919966667 2.1219308788
2.74153699333 2.43302358333 2.12451017334
2.74597007469 2.4364955 2.12702092531
2.7496348887 2.4399225 2.1302101113
2.75316207711 2.44356191667 2.13396175622
2.75644334417 2.4472395 2.13803565583
2.75928746999 2.4508285 2.14236953001
2.76162640118 2.45427908333 2.14693176549
2.76381016572 2.45765825 2.15150633428
2.76594085888 2.46106483333 2.15618880779
2.767570695 2.46428641667 2.16100213833
2.76877146711 2.46719075 2.16561003289
2.76975170982 2.46988133333 2.17001095685
2.77065967675 2.47259375 2.17452782325
2.77148971438 2.47526575 2.17904178562
2.77228413008 2.47779133333 2.18329853659
2.77317131195 2.48033533333 2.18749935472
2.77487205405 2.48308833333 2.19130461262
2.77788346577 2.48631583333 2.1947482009
2.78170133242 2.48990225 2.19810316758
2.78547097 2.49353441667 2.20159786333
2.78963039213 2.49730075 2.20497110787
2.79426961477 2.50130425 2.20833888523
2.79932257404 2.50554458333 2.21176659262
2.80470502781 2.50996475 2.21522447219
2.81139772629 2.51477108333 2.21814444038
2.81891969937 2.5197385 2.22055730063
2.82561622843 2.52447816667 2.22334010491
2.83193687915 2.52909083333 2.22624478752
2.83844941061 2.53376616667 2.22908292272
2.84522957597 2.53871875 2.23220792403
2.85178100427 2.5438795 2.23597799573
2.85774326946 2.54912516667 2.24050706387
2.86285770722 2.554327 2.24579629278
2.86803757494 2.55954516667 2.2510527584
2.87353070861 2.56491016667 2.25628962473
2.87791447409 2.57018308333 2.26245169257
2.88263059502 2.57556641667 2.26850223832
2.88917537674 2.58128241667 2.2733894566
2.8977117357 2.5871905 2.2766692643
2.90805696023 2.59323891667 2.27842087311
2.92071727008 2.5996545 2.27859172992
2.93608409749 2.60640483333 2.27672556918
2.95165657921 2.61298783333 2.27431908746
2.96699829792 2.61953033333 2.27206236875
2.98437894724 2.62647391667 2.26856888609
3.0043345415 2.63373908333 2.26314362517
3.02503627315 2.64111758333 2.25719889351
3.04495064795 2.64840433333 2.25185801871
3.06414722339 2.65554608333 2.24694494328
3.08375157635 2.66275533333 2.24175909032
3.10041594563 2.66968191667 2.2389478877
3.11320313988 2.67589566667 2.23858819346
3.12500506953 2.68183741667 2.2386697638
3.13807558401 2.68797133333 2.23786708266
3.15168251067 2.69421391667 2.23674532266
3.16651717603 2.70054816667 2.2345791573
3.18095431252 2.70674666667 2.23253902081
3.1932592154 2.71281008333 2.23236095127
3.20363927149 2.71892416667 2.23420906184
3.21135909527 2.72482025 2.23828140473
3.21871287606 2.73090916667 2.24310545727
3.22576752865 2.73690675 2.24804597135
3.231302348 2.74242375 2.253545152
3.23618294744 2.74791741667 2.2596518859
3.24147423765 2.75353191667 2.26558959568
3.24764497322 2.75900658333 2.27036819345
3.25318826923 2.76417358333 2.27515889743
3.25727990812 2.76908058333 2.28088125855
3.2610334887 2.77381816667 2.28660284463
3.26497222973 2.77848233333 2.29199243693
3.2686586437 2.78297525 2.2972918563
3.27176979673 2.787317 2.30286420327
3.273575056 2.79175391667 2.30993277733
3.274927327 2.79571 2.316492673
3.27558546663 2.79945608333 2.32332670003
3.27599707301 2.80338383333 2.33077059365
3.27686092378 2.80752916667 2.33819740956
3.27931079947 2.81223083333 2.3451508672
3.28265294527 2.81701566667 2.35137838806
3.28585828839 2.82167141667 2.35748454494
3.28854574427 2.826039 2.36353225573
3.29104805183 2.82995358333 2.36885911484
3.29314443543 2.833684 2.37422356457
3.2956120414 2.83764316667 2.37967429193
3.29799166484 2.84159158333 2.38519150183
3.30019930233 2.84539825 2.39059719767
3.30214011944 2.84888475 2.39562938056
3.30402053712 2.85222725 2.40043396288
3.30601926743 2.85564791667 2.4052765659
3.30804098767 2.85928858333 2.41053617899
3.30947177087 2.86314183333 2.4168118958
3.31074603379 2.8673215 2.42389696621
3.3128251017 2.87190233333 2.43097956497
3.31521454474 2.87677316667 2.43833178859
3.317916418 2.88200966667 2.44610291533
3.3211116271 2.88719158333 2.45327153957
3.32475981448 2.89223241667 2.45970501885
3.32872335704 2.89733766667 2.46595197629
3.33219376664 2.9023715 2.47254923336
3.33469740593 2.907168 2.47963859407
3.33736547668 2.91185141667 2.48633735665
3.33987441838 2.91639866667 2.49292291495
3.34173551858 2.92074333333 2.49975114808
3.34301361754 2.92492733333 2.50684104912
3.34469373479 2.92907575 2.51345776521
3.34653103281 2.93295183333 2.51937263386
3.34856683377 2.93670991667 2.52485299956
3.35103501186 2.94024033333 2.52944565481
3.35321181562 2.94338733333 2.53356285105
3.35449209281 2.94641833333 2.53834457385
3.35521054841 2.94969208333 2.54417361826
3.35592039276 2.95322216667 2.55052394057
3.35681519373 2.95673008333 2.55664497293
3.35779498775 2.96002291667 2.56225084558
3.35881257844 2.96340958333 2.56800658823
3.36012100091 2.96701316667 2.57390533242
3.36150741549 2.970955 2.58040258451
3.36285304818 2.97456175 2.58627045182
3.36393686388 2.9779825 2.59202813612
3.36504410268 2.98156766667 2.59809123065
3.36563256261 2.98519725 2.60476193739
3.36593220927 2.9891185 2.61230479073
3.36612281538 2.99332791667 2.62053301795
3.3669960728 2.99771941667 2.62844276053
3.36845010524 3.00237166667 2.63629322809
3.36839708582 3.00677441667 2.64515174751
3.36697062938 3.01101116667 2.65505170395
3.36507639668 3.01524125 2.66540610332
3.36300968844 3.01945883333 2.67590797822
3.36040747729 3.02394116667 2.68747485605
3.35731601745 3.0288655 2.70041498255
3.35336110402 3.03395391667 2.71454672931
3.34884527548 3.03900891667 2.72917255785
3.34455692974 3.0443645 2.74417207026
3.34118897423 3.05026058333 2.75933219244
3.3394208841 3.05655466667 2.77368844923
3.33967468284 3.06278116667 2.78588765049
3.341237933 3.06848591667 2.79573390033
3.34311083181 3.07380658333 2.80450233485
3.34567094494 3.07928133333 2.81289172172
3.35055637881 3.0850045 2.81945262119
3.35741636125 3.09081725 2.82421813875
3.36552381083 3.09662316667 2.8277225225
3.37509954482 3.10250733333 2.82991512184
3.38664463581 3.10825775 2.82987086419
3.39745460126 3.11370175 2.82994889874
3.40560542912 3.11899216667 2.83237890421
3.41313637474 3.12432291667 2.8355094586
3.42117574551 3.12968133333 2.83818692115
3.43000847349 3.13500083333 2.83999319318
3.43829030614 3.14017533333 2.84206036052
3.44563438571 3.145249 2.84486361429
3.4522232912 3.15036475 2.8485062088
3.45880781522 3.15545808333 2.85210835145
3.46521927631 3.1603755 2.85553172369
3.47227463766 3.165668 2.85906136234
3.48102172202 3.17113825 2.86125477798
3.49271304536 3.176632 2.86055095464
3.50467150489 3.18181016667 2.85894882844
3.51538754302 3.18648791667 2.85758829032
3.52708659624 3.19092308333 2.85475957042
3.54042446124 3.19524133333 2.85005820542
3.55633580749 3.19999058333 2.84364535917
3.57463266881 3.20514891667 2.83566516452
3.59335144365 3.21010041667 2.82684938968
3.61466198558 3.21514758333 2.81563318109
3.63391600964 3.21984741667 2.80577882369
3.65221839067 3.22450466667 2.79679094266
3.67154378916 3.229423 2.78730221084
3.69114298607 3.23435583333 2.7775686806
3.70948506394 3.23945741667 2.7694297694
3.72763267194 3.24515675 2.76268082806
3.74553532113 3.2510455 2.75655567887
3.76436262442 3.25690791667 2.74945320891
3.78525514655 3.26305816667 2.74086118678
3.80792570261 3.26936125 2.73079679739
3.83302280058 3.276172 2.71932119942
3.86161447707 3.28392208333 2.7062296896
3.88914253765 3.29191825 2.69469396235
3.91230019057 3.2998245 2.68734880943
3.93479295195 3.30770275 2.68061254805
3.95610829394 3.31552791667 2.67494753939
3.97361785264 3.32315258333 2.67268731402
3.99041669745 3.33082758333 2.67123846922
4.00552596439 3.3380655 2.67060503561
4.01868790519 3.34477341667 2.67085892814
4.03006471907 3.35131516667 2.67256561426
4.04066091469 3.35812491667 2.67558891865
4.04932430729 3.3646025 2.67988069271
4.05704726922 3.37081025 2.68457323078
4.06622343358 3.3775865 2.68894956642
4.07473812478 3.38444333333 2.69414854189
4.08210501911 3.39136033333 2.70061564756
4.09061268429 3.39905208333 2.70749148238
4.09904591653 3.40715583333 2.71526575014
4.10759750293 3.41530383333 2.72301016373
4.11687482146 3.42337483333 2.72987484521
4.12619464703 3.43068758333 2.73518051964
4.13474133709 3.437534 2.74032666291
4.14318927208 3.44447441667 2.74575956125
4.1511069861 3.45158366667 2.75206034723
4.15850891373 3.45886525 2.75922158627
4.1653957901 3.46628 2.7671642099
4.17081194258 3.47303175 2.77525155742
4.17494345714 3.47942383333 2.78390420953
4.17845767702 3.48577458333 2.79309148964
4.18130845172 3.49221908333 2.80312971494
4.1838714125 3.49871625 2.8135610875
4.18567338044 3.50486291667 2.82405245289
4.18784847578 3.511061 2.83427352422
4.18969218328 3.51728458333 2.84487698338
