nan
nan
nan
nan
nan
nan
nan
nan
nan
nan
nan
nan
nan
nan
nan
nan
nan
nan
nan
nan
nan
nan
nan
nan
nan
nan
nan
nan
nan
nan
nan
nan
nan
nan
nan
nan
nan
nan
nan
nan
nan
nan
nan
nan
nan
nan
nan
nan
nan
nan
nan
nan
nan
nan
nan
nan
nan
nan
nan
nan
nan
nan
nan
nan
nan
nan
nan
nan
nan
nan
nan
nan
nan
nan
nan
nan
nan
nan
nan
nan
nan
nan
nan
nan
nan
nan
nan
nan
nan
nan
nan
nan
nan
nan
nan
nan
nan
nan
nan
nan
nan
nan
nan
nan
nan
nan
nan
nan
nan
nan
nan
nan
nan
nan
nan
nan
nan
nan
nan
1.79612941667
1.79600942631
1.79607720439
1.79619807704
1.79609513362
1.79577670166
1.79536964874
1.7949995719
1.79458734757
1.7940353253
1.79343556785
1.79285481467
1.79237275161
1.79200642514
1.79178879828
1.79167377682
1.79146016067
1.7911434638
1.79070291068
1.79030749067
1.7899052181
1.78949223929
1.78910807004
1.78866165566
1.78807633904
1.78749358963
1.78697733195
1.78645440085
1.78593879092
1.78544129024
1.78494936809
1.78452937853
1.78426492599
1.78404500986
1.78377104276
1.78333796767
1.78282428225
1.78238602965
1.78200940106
1.78164379113
1.78136819128
1.78116689886
1.78088827243
1.78050697867
1.78008058233
1.7796761099
1.77919848824
1.77859636447
1.77779906919
1.77697313416
1.77614448732
1.77530656191
1.77442166006
1.77350593014
1.77248814617
1.77148387929
1.77061951765
1.76973307934
1.76886625158
1.76816598296
1.76738786754
1.76657467965
1.76576980891
1.76489791124
1.76399001188
1.76305298689
1.76203706975
1.76083629174
1.75961701419
1.75843557594
1.75710341766
1.75576517935
1.75449699457
1.75311258144
1.75166377844
1.75013677384
1.74861286022
1.74719859807
1.74604787744
1.7449604745
1.74392195426
1.74306307899
1.74237344132
1.7417155332
1.74113494587
1.74067602115
1.74011873154
1.73949990953
1.7388480102
1.7380293654
1.73706607011
1.73622382102
1.7355445843
1.73500417795
1.73463386096
1.73435214425
1.73423706749
1.73418951265
1.73399514054
1.73370249359
1.73343369204
1.73330801118
1.73322358125
1.73304914189
1.732905685
1.73281021913
1.73262806675
1.73228380118
1.73183497802
1.73125274698
1.7305338586
1.72969148077
1.72891178687
1.72833126147
1.72795785219
1.72761425133
1.72712756949
1.72662529561
1.72623661304
1.72593485084
1.72566749793
1.72529894425
1.72484623443
1.72440100741
1.72384181721
1.72325021692
1.72262756871
1.72183438576
1.72074158599
1.71968403911
1.71878281533
1.71809086797
1.71752572965
1.71702745313
1.71655443738
1.71598262849
1.71527762637
1.71463832676
1.71410265194
1.71350558331
1.71282846623
1.71214601224
1.71145235915
1.71079116313
1.71011990424
1.7094632116
1.70891340645
1.70840624271
1.70776332961
1.70704839854
1.70638743327
1.70579557487
1.70527779678
1.70475832906
1.70414562941
1.70353776776
1.70295780466
1.7023677583
1.70178680362
1.70124487298
1.7007038007
1.70015927507
1.69963763416
1.69912378897
1.69864670155
1.69816113623
1.69760425795
1.69700253467
1.69641125311
1.69583685223
1.69523128443
1.69451109791
1.69383223678
1.69319947254
1.69264410936
1.69215164474
1.69169459276
1.69126592181
1.69094185698
1.69069306596
1.69037152768
1.68997166772
1.68953494594
1.68905602121
1.6885526159
1.68806678754
1.68759989849
1.68698552
1.68612113124
1.68513664973
1.68402579602
1.68281958451
1.68159578973
1.68036528081
1.67891759021
1.67726639038
1.67565620211
1.67421362025
1.67281620504
1.67130585455
1.66978906356
1.66837602119
1.66689658282
1.66523928393
1.66364590734
1.66204233862
1.66052990327
1.65915932636
1.65776677551
1.6564745974
1.65537138092
1.65455168867
1.65391761117
1.65327963413
1.65263534265
1.65206616344
1.65154490454
1.65106234413
1.65073420621
1.65045661603
1.64999799427
1.64940480429
1.6488351381
1.64839422673
1.6480920081
1.64779048731
1.64744271066
1.64695440139
1.64622903938
1.6453361627
1.6443335815
1.64336707602
1.64232811608
1.64123938689
1.64020402513
1.63918214041
1.63824309677
1.63740866542
1.63666769574
1.63587864292
1.63505866535
1.63442546427
1.63390934089
1.6333414179
1.63270172505
1.63199277091
1.63132809701
1.63079143425
1.6300552122
1.62908190291
1.62805096236
1.62701524398
1.62590226474
1.62476371491
1.62373324028
1.62276756689
1.62174314429
1.62081019976
1.62005928737
1.61935004295
1.61860045546
1.61787697686
1.61719653096
1.61648832384
1.6156858722
1.61479883299
1.61382711675
1.61279129663
1.61162086198
1.61047605434
1.60957926006
1.60877993344
1.60790191802
1.60711411772
1.60642545462
1.60577792644
1.60534820865
1.60513038702
1.60519947153
1.60541369514
1.60570619605
1.60600609363
1.60611144746
1.6059719194
1.60570709429
1.60546813405
1.60535378473
1.60527487919
1.60522157541
1.60516948325
1.60520238435
1.60527639453
1.60525909875
1.60509299795
1.6048420393
1.60460663369
1.60466470586
1.60513917354
1.60587191447
1.60669155225
1.60758623733
1.6087329111
1.61020575554
1.61190450338
1.61363219754
1.61526687196
1.61718295672
1.61975646157
1.62272875146
1.62630216053
1.63038526531
1.63420236837
1.63748464327
1.640360269
1.64330538852
1.6464938945
1.65001564831
1.65383125743
1.6573765259
1.66036798828
1.6626838893
1.66446432088
1.66601515855
1.66768449478
1.66907136263
1.67029183598
1.67174635108
1.67324112214
1.67485102095
1.67658273961
1.67817294226
1.6795117366
1.68082741038
1.68199555236
1.68261595645
1.68281552742
1.68323543605
1.68412361067
1.68495280718
1.68595672773
1.68698967437
1.68796951447
1.68911497704
1.69026795262
1.69133344101
1.69264743372
1.69396466622
1.69527268827
1.69678140416
1.6985483231
1.70062636735
1.7031201464
1.7059490696
1.70878825853
1.71136465096
1.71350060714
1.71515365495
1.71653194165
1.71779405832
1.71897828876
1.72018542448
1.72149574804
1.7229622646
1.72448602882
1.72624328455
1.72841463522
1.73073869083
1.73289127445
1.73495753438
1.736998071
1.73891116074
1.74082287709
1.74273654854
1.74465726675
1.74655731193
1.74849157123
1.7505279089
1.75244215834
1.75423484994
1.75566171192
1.75690680759
1.75829066201
1.75976651884
1.76097946894
1.76178427111
1.76238205175
1.76282234841
1.76321371456
1.76354472754
1.76380630229
1.76393231382
1.76394235822
1.76387818701
1.76374086161
1.76357241761
1.76326741897
1.76295770957
1.76268369784
1.76236181854
1.76189649922
1.76127688767
1.76059793085
1.75998259315
1.75938717838
1.75876805147
1.75815287706
1.75754192042
1.75690635148
1.75629765146
1.75578413656
1.7551946467
1.75453638808
1.75379248084
1.75306450595
1.75236575378
1.75161326198
1.75083502625
1.75019494317
1.74967221684
1.7493212711
1.74920439059
1.74933787174
1.74961493171
1.74992989151
1.75054939744
1.75137205203
1.75220375365
1.75304451805
1.75385072436
1.75465550578
1.75566004287
1.75671987687
1.75778054007
1.75880995263
1.75973689556
1.76066091381
1.76165147722
1.76271095694
1.76374267666
1.76477387209
1.76584703122
1.7669024522
1.76793299018
1.76887095728
1.76979077617
1.7707775402
1.77179625854
1.77278293196
1.77383891655
1.77501744686
1.77638343947
1.77802007683
1.77970668713
1.78129087412
1.78288309108
1.78452370115
1.78615372261
1.78778010736
1.78944903121
1.79144508028
1.79353970705
1.79557458793
1.79765914019
1.79979138581
1.80210111497
1.80466456762
1.80719275658
1.80983568622
1.81276964182
1.81584369733
1.81889107423
1.8220046102
1.82533147614
1.82888153439
1.83283241812
1.83646262608
1.83957382235
1.84219756082
1.84456851023
1.84706093155
1.84976521367
1.85265835063
1.85570565062
1.85880638367
1.86166065832
1.86449750694
1.86724465559
1.87026540508
1.87348052236
1.87669638149
1.87970784626
1.88257746863
1.8853925518
1.88790903854
1.89029202964
1.89294505395
1.89580397867
1.89863234266
1.90150751055
1.90444639468
1.90733752865
1.90937575132
1.91079449923
1.91238087114
1.91421490633
1.91606011449
1.9179830878
1.91989559875
1.92183319216
1.92375875923
1.92564902767
1.92745863052
1.92910311597
1.93064356033
1.93210432793
1.9336472316
1.93535140959
1.93712312183
1.93874571486
1.94015950469
1.94155554594
1.94313231377
1.94487921768
1.94658253639
1.94818150273
1.94959453575
1.95091049383
1.9521916427
1.9533783924
1.95442833633
1.95548472747
1.95662845098
1.95775310468
1.95877140047
1.95972393931
1.96065726262
1.9615875558
1.96250313339
1.96348060226
1.96447579892
1.96548991795
1.96661702674
1.96788005109
1.96921046347
1.97047425746
1.97155484825
1.97258914828
1.97367825326
1.97475365404
1.97561937876
1.97640567002
1.97711665068
1.9778712515
1.97858428867
1.97928554009
1.98006048984
1.98082229993
1.98153978257
1.98223218286
1.9829149567
1.983619007
1.9843838168
1.98519334049
1.98595526875
1.98664295026
1.98731926513
1.98797051694
1.98856059104
1.98910884574
1.98968803837
1.99035038484
1.99108194873
1.99187365206
1.99269243467
1.993432725
1.99411383699
1.99473972398
1.99529857152
1.99582239678
1.99632549766
1.99682292745
1.99730882948
1.99779000585
1.99831479914
1.99886959585
1.99940877608
1.99993772193
2.00048453645
2.00104611436
2.0015889885
2.00214569943
2.00279420027
2.00352057712
2.00434701387
2.00526507975
2.00633078091
2.0075246523
2.00879912086
2.01020293704
2.01165875627
2.01293332228
2.01407326737
2.01524577534
2.01651972947
2.01794221328
2.01961820975
2.02130220629
2.02282696321
2.02400783985
2.02495151192
2.02583049519
2.02668470188
2.02753354979
2.02834539194
2.02922265819
2.03020740764
2.03126662404
2.03221147323
2.03290070508
2.03353870995
2.03418616929
2.03455152187
2.03474157936
2.03496766895
2.03514688104
2.0352975111
2.0353167258
2.03525049892
2.03527991216
2.03534768221
2.0353326792
2.0352790812
2.03525826994
2.035280282
2.03536159966
2.03545694512
2.03555517743
2.0356805464
2.03578599191
2.03579812428
2.03560790735
2.03508761136
2.03434434505
2.03357898398
2.03283751317
2.03212218237
2.03144462564
2.03073413596
2.02995257999
2.0290055952
2.02800467627
2.02696030146
2.02587814771
2.02486594692
2.02384650978
2.02276557574
2.0217758968
2.02091927041
2.02012010891
2.01945299967
2.01883427241
2.01815370592
2.01750257029
2.01689674268
2.0161893585
2.01538341869
2.01457906466
2.01368668343
2.01274343246
2.01185246664
2.01106217793
2.01038247251
2.00976986966
2.00931053297
2.00891498697
2.0085370533
2.00822602763
2.00813848998
2.00805239924
2.00809087198
2.00819135343
2.00830521536
2.00851107957
2.00870560718
2.00892270458
2.0091423293
2.0092176627
2.00900051125
2.00867455239
2.00827646061
2.0077566844
2.00721277226
2.00670793305
2.0064466449
2.00624273342
2.00615392791
2.00620989604
2.00630427792
2.00647941383
2.00671463013
2.00683818996
2.00680367442
2.00670824179
2.00667141134
2.00665733843
2.00669176259
2.00675652684
2.00680336111
2.00681041299
2.00679734831
2.00689706157
2.00705793658
2.00714061532
2.00731151424
2.00758173714
2.00784749355
2.00822621267
2.00870875461
2.00920414709
2.00979102069
2.01041034267
2.01101182461
2.01174055478
2.01277823156
2.01448107071
2.01638782987
2.01828274177
2.02008401877
2.02186213416
2.0236695369
2.0255488834
2.02751187706
2.02938110223
2.03129695178
2.03302096911
2.03475020929
2.03684789178
2.03918362911
2.04210637904
2.04555057112
2.04901783441
2.0520993578
2.05475474032
2.05706457932
2.05941838793
2.06209659639
2.06490260306
2.06791032863
2.0711042075
2.07419157597
2.07716774827
2.08022877722
2.0833031776
2.0862750259
2.08907841391
2.09152736574
2.09396476465
2.09626997516
2.09844104995
2.10072136317
2.10291439849
2.10494986298
2.10717631152
2.10949091795
2.11186974575
2.11442710532
2.11714963251
2.11989492784
2.12274575548
2.12559541241
2.12845895931
2.13131071205
2.13409896475
2.13662013888
2.13891501262
2.14135030167
2.14408104048
2.14705854395
2.15030914652
2.15413907799
2.15827826678
2.16240044419
2.1668596104
2.17112589783
2.17466183341
2.17801667913
2.18119045303
2.18407160257
2.18699471658
2.19009877085
2.19321333662
2.19604716577
2.19864539443
2.20120067717
2.20321752548
2.20462269035
2.20591173679
2.20713369155
2.20828586194
2.20941931877
2.21051602424
2.21128270153
2.21131075605
2.21111471049
2.21108339296
2.21098251044
2.2108814772
2.21105484122
2.21157393475
2.21208907633
2.21232628168
2.2123684919
2.21221727715
2.21207120646
2.21201333528
2.21191840411
2.21182900901
2.2116503477
2.21123414361
2.21070795941
2.21019724934
2.20966721216
2.20909155576
2.2083875631
2.20770528933
2.20711809447
2.20660126646
2.20629496454
2.20612711388
2.20585575663
2.20546557883
2.20511110646
2.20492712123
2.2052595655
2.20592783715
2.20675150926
2.20786107109
2.20917460711
2.21073105988
2.21250459608
2.21442187548
2.21635622465
2.21821777466
2.21956524946
2.22048350979
2.22149667492
2.22269160592
2.22380629011
2.22487990515
2.22610668358
2.22762227559
2.22923149417
2.23099808105
2.23303017888
2.23530653956
2.23768709263
2.23974251258
2.24130693386
2.24258483578
2.2438285575
2.24528808548
2.24679340638
2.24817037487
2.24945863314
2.25071105242
2.25210359701
2.2538567607
2.25583565721
2.25751341495
2.25910492875
2.26067426877
2.26253039656
2.26448344786
2.2663890107
2.26818274606
2.2699668329
2.27193895137
2.27384243977
2.27537049862
2.27672387881
2.27802083949
2.27936198264
2.2806921978
2.28187761602
2.28301071328
2.2842659081
2.28574349639
2.28751352125
2.28944619032
2.29153187312
2.29377547852
2.29600712351
2.29804750163
2.30002126194
2.30207876174
2.30395365824
2.30553789529
2.3068914838
2.30822749233
2.30975546767
2.31138066655
2.31309520098
2.31456420593
2.31578248351
2.3169802937
2.31821599133
2.31938845428
2.3203043476
2.32083006086
2.32114493589
2.32149097001
2.32186021017
2.32205772736
2.32233445914
2.32237289783
2.3224240896
2.32264071622
2.32302252256
2.32360297674
2.32417548952
2.32476316738
2.32526724725
2.32566018532
2.32589340539
2.32611698547
2.32620959728
2.32618976923
2.32609688048
2.32588387419
2.32540546305
2.32448619919
2.32345138598
2.32250541266
2.32156201741
2.32071669481
2.31986286514
2.31863009051
2.31699736174
2.31517310783
2.31319256059
2.31134028687
2.30970953832
2.30820987653
2.30692210998
2.30582174452
2.304683038
2.30358100432
2.3023289216
2.30098860885
2.29985458225
2.29869913461
2.29759088445
2.29647186157
2.29532852502
2.29431962378
2.29328326636
2.29205858427
2.29080108701
2.28955594508
2.28830741706
2.28706911264
2.28580532566
2.28461085746
2.28344571932
2.28224033553
2.28102694156
2.27984666153
2.27876936134
2.27780523967
2.27695721918
2.27625858745
2.27553414799
2.27478978191
2.27429325659
2.27416113665
2.27422806001
2.27427272017
2.27409548513
2.2736425019
2.2729740308
2.27221297244
2.2715375514
2.27083395551
2.27027984055
2.26995918203
2.2692229972
2.26850741047
2.26773505658
2.26692489035
2.26600861117
2.26493425396
2.26382806795
2.26286909162
2.26198299093
2.26125087538
2.26050805099
2.25973651296
2.25905822349
2.25832155864
2.25767987998
2.25705459271
2.25637253332
2.25573249145
2.25525311143
2.25513041537
2.25484660685
2.25428699352
2.25366092751
2.25306603614
2.25253139092
2.25209434313
2.25166898209
2.25134089974
2.25127129809
2.2514041692
2.25152591847
2.25170565535
2.25208043791
2.25251894307
2.25311532417
2.25366168245
2.25405785299
2.25442962402
2.25480367982
2.2550665942
2.25519871661
2.25525427501
2.25521701427
2.25525491486
2.25547731296
2.2558492582
2.25626084071
2.25644297558
2.25637532309
2.25614250783
2.25584792092
2.25564018669
2.25541753898
2.25513262098
2.25488828014
2.25475144906
2.25490663172
2.25536834029
2.25592225202
2.25668122306
2.25787326896
2.2592151984
2.26053263313
2.26206531688
2.26376704718
2.26563238525
2.2677434202
2.27001030582
2.27216385448
2.27452065028
2.2771055982
2.27984996848
2.2826684814
2.28580172964
2.28914285808
2.2921125629
2.29444458666
2.29628285795
2.29779603385
2.29941213247
2.30122416333
2.30288855733
2.3046065977
2.30689921592
2.30943757599
2.31179249209
2.31427311206
2.31696892839
2.31981803701
2.32263542483
2.32476839301
2.3272895766
2.32972082326
2.33186742123
2.3340436622
2.33631930415
2.33889881978
2.34162429383
2.34452703278
2.34794757769
2.3514127417
2.35477633274
2.35812383137
2.36158046226
2.36531681826
2.36920447415
2.37304935888
2.37661961741
2.37964540886
2.38224862524
2.38476335871
2.38709933625
2.38916876871
2.39152961551
2.39427028302
2.39708102214
2.39984645979
2.40258866707
2.40556439158
2.40867440164
2.41179631235
2.41488976173
2.41821538551
2.42194620558
2.42591502863
2.43037444964
2.43518429345
2.43962736298
2.44347236525
2.44703381376
2.45071507303
2.45468259249
2.45855825211
2.46232125621
2.46573693793
2.46953169928
2.47342224971
2.47713741913
2.48058308163
2.48362236954
2.48635918987
2.48919159996
2.49197719335
2.49456186784
2.4968796882
2.49910630493
2.50135496104
2.50328975508
2.5048163707
2.50609510837
2.50738709005
2.50863755137
2.50977494722
2.51099998941
2.5127844524
2.51544041186
2.51862321497
2.52182630233
2.52525099154
2.52898452887
2.53299966063
2.53723074062
2.54206593499
2.54721525838
2.55201285741
2.5566324796
2.56134582705
2.56630854065
2.57135534163
2.57632087317
2.58105176783
2.58581884605
2.59078002215
2.59541060029
2.60021951599
2.60571225127
2.61178494133
2.61834469436
2.6256241209
2.63366140816
2.6416795667
2.6496544499
2.65829073998
2.6676591575
2.6772918987
2.6867751731
2.69609062479
2.70557673016
2.71426951148
2.72164356914
2.72862334486
2.73607105817
2.7437307101
2.75180689671
2.75974000586
2.766957857
2.77356830564
2.77918188737
2.78479045121
2.79025308838
2.79489485552
2.79929593229
2.80394509043
2.80884302282
2.81333338608
2.81709233837
2.82061775427
2.82419547734
2.82757224631
2.83060873811
2.83314594905
2.83511097468
2.83657872717
2.83813808705
2.8401683666
2.84340393079
2.84709246086
2.85065258547
2.85380460885
2.8565718054
2.85902913093
2.861855261
2.86465285999
2.86728752346
2.86958045696
2.87176292874
2.87408585554
2.87659567611
2.87900021039
2.88163987633
2.88498615937
2.88871514847
2.89287985676
2.89719308227
2.90157402306
2.9061256921
2.91046163107
2.91427763717
2.91808511424
2.92174304624
2.92500200415
2.9279115578
2.93098574693
2.93392912301
2.93688946809
2.93990550994
2.94253533622
2.94460433893
2.94659600274
2.94884317625
2.95118791714
2.95341439785
2.95576391194
2.95845624397
2.96148985977
2.96424424225
2.96674268453
2.96941487156
2.97192289022
2.97461854492
2.9775889822
2.98101230481
2.98489623365
2.98806621326
2.99063040808
2.99308610382
2.99553525913
2.99819236228
3.00130604224
3.00447106634
3.00755187516
3.01115779458
3.01568378144
3.02103082638
3.02673511024
3.03221122412
3.03740574934
3.04289292704
3.04905668031
3.05566169386
3.0624872857
3.06963757849
3.07707844497
3.0841826029
3.09059809707
3.09688887232
3.1033006265
3.10985648391
3.11618249244
3.12220608761
3.12806102831
3.13388911049
3.13954482767
3.14560243382
3.15216735227
3.15943367703
3.16662469063
3.17329172054
3.18019549375
3.187631436
3.19591306516
3.20495846904
3.21423733732
3.22442746398
3.23417940672
3.24369544959
3.25356097935
3.26361683093
3.2732046519
3.28264457501
3.29203177212
3.30179488332
3.3123025712
3.32348285928
3.33547570458
3.3485493293
3.36140686105
3.3729859212
3.38440582333
3.39547845434
3.40523980221
3.41477567324
3.42360781088
3.43156834293
3.43874109759
3.44566967449
3.45165348152
3.45711375456
3.46346956027
3.46959568324
3.47529079591
3.48189822077
3.48874882869
3.49568983979
3.50286009037
3.50964670045
3.51590262275
3.52217414965
3.52832763478
3.53438850032
3.54034918627
3.54530572864
3.54948513809
3.5533967887
3.55713155252
3.56083648554
3.5639615023
3.56736213863
3.57069334295
